0.000000000000000000e+00 1.000000000000000021e-02 2.931831520999997887e-01
9.999999999999998473e-03 2.000000000000000042e-02 8.780361423000005994e-01
2.000000000000000042e-02 3.000000000000000236e-02 1.545735007599998267e+00
3.000000000000000236e-02 4.000000000000000083e-02 2.901183226099997015e+00
4.000000000000000083e-02 4.999999999999999584e-02 2.428727847300002018e+00
5.000000000000000278e-02 5.999999999999999778e-02 4.267492761399999779e+00
6.000000000000000472e-02 7.000000000000000666e-02 4.939907395500002352e+00
7.000000000000000666e-02 8.000000000000001554e-02 6.114003192199998438e+00
7.999999999999998779e-02 8.999999999999999667e-02 7.894643799300002485e+00
8.999999999999999667e-02 1.000000000000000056e-01 7.937779107899988418e+00
1.000000000000000056e-01 1.100000000000000144e-01 9.100896153900009722e+00
1.099999999999999867e-01 1.199999999999999956e-01 1.095159451660002503e+01
1.199999999999999956e-01 1.300000000000000044e-01 1.066509094569997984e+01
1.300000000000000044e-01 1.400000000000000133e-01 1.186442715040001872e+01
1.400000000000000133e-01 1.500000000000000222e-01 1.323633934919998012e+01
1.499999999999999944e-01 1.600000000000000033e-01 1.516432113879994859e+01
1.600000000000000033e-01 1.700000000000000122e-01 1.557150203079993389e+01
1.699999999999999845e-01 1.799999999999999933e-01 1.878341510620005295e+01
1.799999999999999933e-01 1.900000000000000022e-01 1.968925584029997822e+01
1.900000000000000022e-01 2.000000000000000111e-01 2.048575591770014626e+01
2.000000000000000111e-01 2.100000000000000200e-01 2.394759542599987867e+01
2.099999999999999922e-01 2.200000000000000011e-01 2.450669642249994240e+01
2.200000000000000011e-01 2.300000000000000100e-01 2.678587661860012759e+01
2.299999999999999822e-01 2.399999999999999911e-01 2.803980259270008446e+01
2.399999999999999911e-01 2.500000000000000000e-01 2.890656341999982715e+01
2.500000000000000000e-01 2.600000000000000089e-01 3.138956506780016298e+01
2.600000000000000089e-01 2.700000000000000178e-01 3.147347974009989002e+01
2.700000000000000178e-01 2.800000000000000266e-01 3.286372684659971810e+01
2.800000000000000266e-01 2.900000000000000355e-01 3.563973625650055510e+01
2.899999999999999800e-01 2.999999999999999889e-01 3.741463786729963203e+01
2.999999999999999889e-01 3.099999999999999978e-01 3.674399661920040217e+01
3.099999999999999978e-01 3.200000000000000067e-01 3.289917744479964767e+01
3.200000000000000067e-01 3.300000000000000155e-01 3.502721934659996350e+01
3.300000000000000155e-01 3.400000000000000244e-01 3.499036026039993885e+01
3.400000000000000244e-01 3.500000000000000333e-01 3.651260725189990808e+01
3.499999999999999778e-01 3.599999999999999867e-01 3.695218826179996086e+01
3.599999999999999867e-01 3.699999999999999956e-01 3.662928986120004993e+01
3.699999999999999956e-01 3.800000000000000044e-01 3.853106429860042681e+01
3.800000000000000044e-01 3.900000000000000133e-01 3.959279030139998667e+01
3.900000000000000133e-01 4.000000000000000222e-01 4.046268290099999376e+01
4.000000000000000222e-01 4.100000000000000311e-01 4.141496987819959941e+01
4.100000000000000311e-01 4.200000000000000400e-01 4.528211154550024276e+01
4.199999999999999845e-01 4.299999999999999933e-01 4.890640297800052849e+01
4.299999999999999933e-01 4.400000000000000022e-01 4.874145899120014747e+01
4.400000000000000022e-01 4.500000000000000111e-01 4.888894407089924243e+01
4.500000000000000111e-01 4.600000000000000200e-01 5.078130115710018799e+01
4.600000000000000200e-01 4.700000000000000289e-01 5.302654867839942199e+01
4.699999999999999734e-01 4.799999999999999822e-01 5.391788461260102849e+01
4.799999999999999822e-01 4.899999999999999911e-01 5.471346490569862908e+01
4.899999999999999911e-01 5.000000000000000000e-01 5.628444353250006316e+01
5.000000000000000000e-01 5.100000000000000089e-01 5.977981999550047476e+01
5.100000000000000089e-01 5.200000000000000178e-01 5.980561847210083215e+01
5.200000000000000178e-01 5.300000000000000266e-01 6.282807014249920030e+01
5.300000000000000266e-01 5.400000000000000355e-01 6.528577417050087206e+01
5.400000000000000355e-01 5.500000000000000444e-01 6.933098351649891811e+01
5.500000000000000444e-01 5.600000000000000533e-01 7.196512348560122518e+01
5.600000000000000533e-01 5.700000000000000622e-01 7.497793478559856339e+01
5.699999999999999512e-01 5.799999999999999600e-01 7.788196958910043577e+01
5.799999999999999600e-01 5.899999999999999689e-01 7.593586103839970747e+01
5.899999999999999689e-01 5.999999999999999778e-01 7.723069207370122058e+01
5.999999999999999778e-01 6.099999999999999867e-01 7.517733869799894819e+01
6.099999999999999867e-01 6.199999999999999956e-01 7.385542909580271953e+01
6.199999999999999956e-01 6.300000000000000044e-01 7.366736097439888908e+01
6.300000000000000044e-01 6.400000000000000133e-01 7.447117895860037606e+01
6.400000000000000133e-01 6.500000000000000222e-01 7.315336632890102919e+01
6.500000000000000222e-01 6.600000000000000311e-01 7.226117411079849262e+01
6.600000000000000311e-01 6.700000000000000400e-01 7.140812847930010321e+01
6.700000000000000400e-01 6.800000000000000488e-01 7.339326972040362307e+01
6.800000000000000488e-01 6.900000000000000577e-01 7.287095757849647271e+01
6.900000000000000577e-01 7.000000000000000666e-01 7.402381672469846308e+01
7.000000000000000666e-01 7.100000000000000755e-01 7.748800440170043657e+01
7.099999999999999645e-01 7.199999999999999734e-01 7.787642873359754958e+01
7.199999999999999734e-01 7.299999999999999822e-01 7.678880870860166397e+01
7.299999999999999822e-01 7.399999999999999911e-01 7.308494771030018455e+01
7.399999999999999911e-01 7.500000000000000000e-01 7.268806260040173584e+01
7.500000000000000000e-01 7.600000000000000089e-01 7.380561580860103277e+01
7.600000000000000089e-01 7.700000000000000178e-01 6.888797894969957269e+01
7.700000000000000178e-01 7.800000000000000266e-01 6.630996606989720021e+01
7.800000000000000266e-01 7.900000000000000355e-01 6.880531321840589953e+01
7.900000000000000355e-01 8.000000000000000444e-01 6.419290457549504936e+01
8.000000000000000444e-01 8.100000000000000533e-01 6.484758144970192006e+01
8.100000000000000533e-01 8.200000000000000622e-01 6.118807147229654220e+01
8.200000000000000622e-01 8.300000000000000711e-01 6.142463219100272909e+01
8.299999999999999600e-01 8.399999999999999689e-01 6.151659550140175270e+01
8.399999999999999689e-01 8.499999999999999778e-01 5.811431782239606036e+01
8.499999999999999778e-01 8.599999999999999867e-01 5.678684392780178314e+01
8.599999999999999867e-01 8.699999999999999956e-01 5.521172938570089173e+01
8.699999999999999956e-01 8.800000000000000044e-01 5.574762377089837173e+01
8.800000000000000044e-01 8.900000000000000133e-01 5.144203840600039257e+01
8.900000000000000133e-01 9.000000000000000222e-01 5.143450154759875659e+01
9.000000000000000222e-01 9.100000000000000311e-01 4.863056054670551021e+01
9.100000000000000311e-01 9.200000000000000400e-01 4.780094470019412256e+01
9.200000000000000400e-01 9.300000000000000488e-01 4.409451807130517409e+01
9.300000000000000488e-01 9.400000000000000577e-01 4.290456463269583764e+01
9.400000000000000577e-01 9.500000000000000666e-01 4.121604909430152475e+01
9.500000000000000666e-01 9.600000000000000755e-01 3.905165654180382262e+01
9.599999999999999645e-01 9.699999999999999734e-01 3.985235243219722179e+01
9.699999999999999734e-01 9.799999999999999822e-01 3.922885502589997486e+01
9.799999999999999822e-01 9.899999999999999911e-01 3.688663294739944831e+01
9.899999999999999911e-01 1.000000000000000000e+00 3.744032969080217299e+01
9.999999999999998890e-01 1.009999999999999787e+00 3.723979134239743871e+01
1.010000000000000231e+00 1.020000000000000018e+00 3.437825552679623797e+01
1.020000000000000018e+00 1.029999999999999805e+00 3.431150638110193540e+01
1.030000000000000249e+00 1.040000000000000036e+00 3.108742601639914938e+01
1.040000000000000036e+00 1.049999999999999822e+00 2.999875906750185095e+01
1.050000000000000266e+00 1.060000000000000053e+00 2.704592653420604620e+01
1.060000000000000053e+00 1.069999999999999840e+00 2.602738034889625851e+01
1.070000000000000284e+00 1.080000000000000071e+00 2.349562970900024084e+01
1.080000000000000071e+00 1.089999999999999858e+00 2.333412231350030197e+01
1.090000000000000302e+00 1.100000000000000089e+00 2.261974108279900975e+01
1.100000000000000089e+00 1.109999999999999876e+00 2.261858493050203833e+01
1.110000000000000320e+00 1.120000000000000107e+00 2.112446036459368770e+01
1.120000000000000107e+00 1.129999999999999893e+00 2.032746163990213972e+01
1.130000000000000338e+00 1.140000000000000124e+00 2.015601000860351633e+01
1.140000000000000124e+00 1.149999999999999911e+00 1.893479444589411287e+01
1.150000000000000133e+00 1.159999999999999920e+00 1.820433871400200587e+01
1.160000000000000142e+00 1.169999999999999929e+00 1.817918196780192375e+01
1.169999999999999929e+00 1.179999999999999716e+00 1.660549797500152636e+01
1.180000000000000160e+00 1.189999999999999947e+00 1.582758086829653621e+01
1.189999999999999947e+00 1.199999999999999734e+00 1.550335811940385611e+01
1.200000000000000178e+00 1.209999999999999964e+00 1.684345251489776274e+01
1.209999999999999964e+00 1.219999999999999751e+00 1.500993471119909373e+01
1.220000000000000195e+00 1.229999999999999982e+00 1.483545830570346880e+01
1.229999999999999982e+00 1.239999999999999769e+00 1.418453415280146146e+01
1.240000000000000213e+00 1.250000000000000000e+00 1.552140636109834304e+01
1.250000000000000000e+00 1.259999999999999787e+00 1.379485345579814748e+01
1.260000000000000231e+00 1.270000000000000018e+00 1.353079242509920732e+01
1.270000000000000018e+00 1.279999999999999805e+00 1.211205482140212553e+01
1.280000000000000249e+00 1.290000000000000036e+00 1.212147881019973283e+01
1.290000000000000036e+00 1.299999999999999822e+00 1.111812138199911715e+01
1.300000000000000266e+00 1.310000000000000053e+00 9.747914813303395931e+00
1.310000000000000053e+00 1.319999999999999840e+00 9.104878813795949100e+00
1.320000000000000284e+00 1.330000000000000071e+00 9.856786574801844836e+00
1.330000000000000071e+00 1.339999999999999858e+00 9.579221747204428539e+00
1.340000000000000302e+00 1.350000000000000089e+00 9.907253698501335748e+00
1.350000000000000089e+00 1.359999999999999876e+00 8.908951577494917728e+00
1.360000000000000320e+00 1.370000000000000107e+00 9.762894360703285201e+00
1.370000000000000107e+00 1.379999999999999893e+00 9.616740550300164614e+00
1.380000000000000338e+00 1.390000000000000124e+00 9.259544326596369501e+00
1.390000000000000124e+00 1.399999999999999911e+00 8.385112634401593823e+00
1.400000000000000133e+00 1.409999999999999920e+00 7.912794614896483836e+00
1.410000000000000142e+00 1.419999999999999929e+00 8.789799946503990213e+00
1.419999999999999929e+00 1.429999999999999716e+00 7.744842226101354754e+00
1.430000000000000160e+00 1.439999999999999947e+00 7.129065123102918733e+00
1.439999999999999947e+00 1.449999999999999734e+00 7.287167563897128275e+00
1.450000000000000178e+00 1.459999999999999964e+00 7.257783242900586629e+00
1.459999999999999964e+00 1.469999999999999751e+00 7.317473166295712872e+00
1.470000000000000195e+00 1.479999999999999982e+00 7.545087254495228990e+00
1.479999999999999982e+00 1.489999999999999769e+00 7.646739187205639610e+00
1.490000000000000213e+00 1.500000000000000000e+00 6.538628598799732572e+00
1.500000000000000000e+00 1.509999999999999787e+00 6.500307323398374137e+00
1.510000000000000231e+00 1.520000000000000018e+00 6.995648004500253592e+00
1.520000000000000018e+00 1.529999999999999805e+00 6.079046994499549328e+00
1.530000000000000249e+00 1.540000000000000036e+00 6.243757386308061541e+00
1.540000000000000036e+00 1.549999999999999822e+00 6.213023742294353724e+00
1.550000000000000266e+00 1.560000000000000053e+00 6.116298910101249930e+00
1.560000000000000053e+00 1.569999999999999840e+00 5.776702017297793645e+00
1.570000000000000284e+00 1.580000000000000071e+00 5.698347796003872645e+00
1.580000000000000071e+00 1.589999999999999858e+00 6.139884215594065608e+00
1.590000000000000302e+00 1.600000000000000089e+00 5.544597738803531684e+00
1.600000000000000089e+00 1.609999999999999876e+00 5.974375600497296546e+00
1.610000000000000320e+00 1.620000000000000107e+00 4.839179117103412864e+00
1.620000000000000107e+00 1.629999999999999893e+00 5.715208912496564153e+00
1.630000000000000338e+00 1.640000000000000124e+00 5.429381521300456370e+00
1.640000000000000124e+00 1.649999999999999911e+00 5.486205879303270194e+00
1.650000000000000355e+00 1.660000000000000142e+00 4.855516113504563691e+00
1.660000000000000142e+00 1.669999999999999929e+00 4.994417612493634806e+00
1.669999999999999929e+00 1.679999999999999716e+00 4.636947082397455233e+00
1.680000000000000160e+00 1.689999999999999947e+00 4.875785454100878269e+00
1.689999999999999947e+00 1.699999999999999734e+00 5.302715572804117983e+00
1.700000000000000178e+00 1.709999999999999964e+00 4.264349040095112287e+00
1.709999999999999964e+00 1.719999999999999751e+00 4.115109727004892193e+00
1.720000000000000195e+00 1.729999999999999982e+00 4.493104336793294351e+00
1.729999999999999982e+00 1.739999999999999769e+00 4.443050646104893531e+00
1.740000000000000213e+00 1.750000000000000000e+00 4.047451746995648136e+00
1.750000000000000000e+00 1.759999999999999787e+00 5.136523017403305857e+00
1.760000000000000231e+00 1.770000000000000018e+00 4.604810345999794663e+00
1.770000000000000018e+00 1.779999999999999805e+00 4.432242441001108091e+00
1.780000000000000249e+00 1.790000000000000036e+00 3.717617163396425894e+00
1.790000000000000036e+00 1.799999999999999822e+00 3.715963025205383019e+00
1.800000000000000266e+00 1.810000000000000053e+00 3.676512063293557731e+00
1.810000000000000053e+00 1.819999999999999840e+00 3.579565676810489094e+00
1.820000000000000284e+00 1.830000000000000071e+00 3.909892509899691504e+00
1.830000000000000071e+00 1.839999999999999858e+00 3.981186159591743490e+00
1.840000000000000302e+00 1.850000000000000089e+00 3.241723483502028103e+00
1.850000000000000089e+00 1.859999999999999876e+00 3.322139921199777746e+00
1.860000000000000320e+00 1.870000000000000107e+00 3.514452417897700798e+00
1.870000000000000107e+00 1.879999999999999893e+00 3.165904672697251954e+00
1.880000000000000338e+00 1.890000000000000124e+00 3.237103880501308595e+00
1.890000000000000124e+00 1.899999999999999911e+00 2.937731067802815232e+00
1.900000000000000355e+00 1.910000000000000142e+00 2.804822047197376378e+00
1.910000000000000142e+00 1.919999999999999929e+00 2.840025770504325919e+00
1.919999999999999929e+00 1.929999999999999716e+00 2.444436162199053797e+00
1.930000000000000160e+00 1.939999999999999947e+00 2.506801356598771235e+00
1.939999999999999947e+00 1.949999999999999734e+00 2.678549589302747336e+00
1.950000000000000178e+00 1.959999999999999964e+00 2.195871576303034090e+00
1.959999999999999964e+00 1.969999999999999751e+00 2.420400756490380445e+00
1.970000000000000195e+00 1.979999999999999982e+00 2.768697894403885584e+00
1.979999999999999982e+00 1.989999999999999769e+00 2.191905327001222759e+00
1.990000000000000213e+00 2.000000000000000000e+00 2.098171356001330423e+00
2.000000000000000000e+00 2.009999999999999787e+00 2.220766267999351840e+00
2.010000000000000231e+00 2.020000000000000018e+00 2.501673357200161263e+00
2.020000000000000462e+00 2.030000000000000249e+00 2.424338281800373807e+00
2.030000000000000249e+00 2.040000000000000036e+00 2.173842644998330798e+00
2.040000000000000036e+00 2.049999999999999822e+00 2.782022798001889896e+00
2.049999999999999822e+00 2.059999999999999609e+00 2.381065236399990681e+00
2.060000000000000053e+00 2.069999999999999840e+00 2.104789248101951671e+00
2.070000000000000284e+00 2.080000000000000071e+00 2.337335928695210896e+00
2.080000000000000071e+00 2.089999999999999858e+00 1.881429206197935855e+00
2.089999999999999858e+00 2.099999999999999645e+00 1.774645766005050973e+00
2.100000000000000089e+00 2.109999999999999876e+00 2.306654424298358208e+00
2.110000000000000320e+00 2.120000000000000107e+00 1.757609495100041386e+00
2.120000000000000107e+00 2.129999999999999893e+00 1.852821026602214260e+00
2.129999999999999893e+00 2.139999999999999680e+00 1.546694718095750432e+00
2.140000000000000124e+00 2.149999999999999911e+00 1.530171551797138818e+00
2.150000000000000355e+00 2.160000000000000142e+00 1.848535573201843363e+00
2.160000000000000142e+00 2.169999999999999929e+00 1.545613690102072724e+00
2.169999999999999929e+00 2.179999999999999716e+00 1.176558775898229214e+00
2.180000000000000160e+00 2.189999999999999947e+00 1.414357075702355360e+00
2.190000000000000391e+00 2.200000000000000178e+00 1.385192835203270079e+00
2.200000000000000178e+00 2.209999999999999964e+00 1.302265163294578088e+00
2.209999999999999964e+00 2.219999999999999751e+00 1.343831519003288122e+00
2.220000000000000195e+00 2.229999999999999982e+00 1.422224083796209015e+00
2.230000000000000426e+00 2.240000000000000213e+00 1.404848039702301321e+00
2.240000000000000213e+00 2.250000000000000000e+00 1.229538054704789829e+00
2.250000000000000000e+00 2.259999999999999787e+00 1.451803893696705927e+00
2.260000000000000231e+00 2.270000000000000018e+00 1.029171935699196183e+00
2.270000000000000462e+00 2.280000000000000249e+00 1.652600528693255910e+00
2.280000000000000249e+00 2.290000000000000036e+00 1.596471939804359863e+00
2.290000000000000036e+00 2.299999999999999822e+00 1.148577372300678689e+00
2.300000000000000266e+00 2.310000000000000053e+00 9.394833122032650863e-01
2.310000000000000053e+00 2.319999999999999840e+00 1.447703919698142272e+00
2.320000000000000284e+00 2.330000000000000071e+00 9.439614519951646798e-01
2.330000000000000071e+00 2.339999999999999858e+00 8.526025734054201166e-01
2.339999999999999858e+00 2.349999999999999645e+00 7.586103332978382241e-01
2.350000000000000089e+00 2.359999999999999876e+00 1.186775142703481833e+00
2.360000000000000320e+00 2.370000000000000107e+00 1.130575461096668732e+00
2.370000000000000107e+00 2.379999999999999893e+00 8.996992886977750459e-01
2.379999999999999893e+00 2.389999999999999680e+00 7.886347445992214489e-01
2.390000000000000124e+00 2.399999999999999911e+00 8.580752057050631265e-01
2.400000000000000355e+00 2.410000000000000142e+00 8.975457848000587546e-01
2.410000000000000142e+00 2.419999999999999929e+00 8.123338720024548820e-01
2.419999999999999929e+00 2.429999999999999716e+00 1.180546445693835267e+00
2.430000000000000160e+00 2.439999999999999947e+00 7.541345965000800788e-01
2.440000000000000391e+00 2.450000000000000178e+00 7.694896358034384320e-01
2.450000000000000178e+00 2.459999999999999964e+00 9.547797036002521054e-01
2.459999999999999964e+00 2.469999999999999751e+00 8.769977348965767305e-01
2.470000000000000195e+00 2.479999999999999982e+00 1.099039104501571273e+00
2.480000000000000426e+00 2.490000000000000213e+00 8.650425642981645069e-01
2.490000000000000213e+00 2.500000000000000000e+00 6.548978460996295325e-01
2.500000000000000000e+00 2.509999999999999787e+00 8.872017131043321569e-01
2.510000000000000231e+00 2.520000000000000018e+00 5.628082249968429096e-01
2.520000000000000462e+00 2.530000000000000249e+00 4.747696345002623275e-01
2.530000000000000249e+00 2.540000000000000036e+00 6.988341896030760836e-01
2.540000000000000036e+00 2.549999999999999822e+00 5.477803074982148246e-01
2.550000000000000266e+00 2.560000000000000053e+00 5.587058969958889065e-01
2.560000000000000053e+00 2.569999999999999840e+00 5.944103883075513295e-01
2.570000000000000284e+00 2.580000000000000071e+00 6.754256918920873431e-01
2.580000000000000071e+00 2.589999999999999858e+00 6.809264503999656881e-01
2.589999999999999858e+00 2.599999999999999645e+00 5.469398783980068401e-01
2.600000000000000089e+00 2.609999999999999876e+00 5.026028263091575354e-01
2.610000000000000320e+00 2.620000000000000107e+00 4.392415061938663712e-01
2.620000000000000107e+00 2.629999999999999893e+00 4.558061032976183924e-01
2.629999999999999893e+00 2.639999999999999680e+00 4.545693713016589754e-01
2.640000000000000124e+00 2.649999999999999911e+00 4.040374291025727871e-01
2.650000000000000355e+00 2.660000000000000142e+00 3.749685664961361908e-01
2.660000000000000142e+00 2.669999999999999929e+00 3.813794294046601863e-01
2.669999999999999929e+00 2.679999999999999716e+00 3.764532776931446278e-01
2.680000000000000160e+00 2.689999999999999947e+00 3.061035537020870834e-01
2.690000000000000391e+00 2.700000000000000178e+00 3.819407484979819856e-01
2.700000000000000178e+00 2.709999999999999964e+00 3.240695404028883786e-01
2.709999999999999964e+00 2.719999999999999751e+00 2.856891724040906411e-01
2.720000000000000195e+00 2.729999999999999982e+00 3.494650059965351829e-01
2.730000000000000426e+00 2.740000000000000213e+00 3.533143001050120802e-01
2.740000000000000213e+00 2.750000000000000000e+00 2.803441609958099434e-01
2.750000000000000000e+00 2.759999999999999787e+00 5.931448382980306633e-01
2.760000000000000231e+00 2.770000000000000018e+00 5.049349209048159537e-01
2.770000000000000462e+00 2.780000000000000249e+00 2.559977710998282419e-01
2.780000000000000249e+00 2.790000000000000036e+00 2.195356658967284602e-01
2.790000000000000036e+00 2.799999999999999822e+00 2.607230209023327916e-01
2.800000000000000266e+00 2.810000000000000053e+00 2.416528122976160375e-01
2.810000000000000053e+00 2.819999999999999840e+00 3.508200776004741783e-01
2.820000000000000284e+00 2.830000000000000071e+00 2.590770150000025751e-01
2.830000000000000071e+00 2.839999999999999858e+00 3.233899548004046665e-01
2.839999999999999858e+00 2.849999999999999645e+00 2.102831450993107865e-01
2.850000000000000089e+00 2.859999999999999876e+00 3.348645059986665729e-01
2.860000000000000320e+00 2.870000000000000107e+00 1.541159955022521899e-01
2.870000000000000107e+00 2.879999999999999893e+00 1.603455438971650437e-01
2.879999999999999893e+00 2.889999999999999680e+00 1.680655000991464476e-01
2.890000000000000124e+00 2.899999999999999911e+00 2.194985710057153483e-01
2.900000000000000355e+00 2.910000000000000142e+00 3.857552183017105563e-01
2.910000000000000142e+00 2.919999999999999929e+00 1.549985413976173731e-01
2.919999999999999929e+00 2.929999999999999716e+00 3.616107096986524994e-01
2.930000000000000160e+00 2.939999999999999947e+00 1.671508994013493066e-01
2.940000000000000391e+00 2.950000000000000178e+00 1.884408288024133071e-01
2.950000000000000178e+00 2.959999999999999964e+00 1.762578141015183064e-01
2.959999999999999964e+00 2.969999999999999751e+00 2.628844641003524885e-01
2.970000000000000195e+00 2.979999999999999982e+00 3.357358740004201536e-01
2.980000000000000426e+00 2.990000000000000213e+00 1.729947755957255140e-01
2.990000000000000213e+00 3.000000000000000000e+00 1.279608752956846729e-01
3.000000000000000000e+00 3.009999999999999787e+00 1.497060175006481586e-01
3.010000000000000231e+00 3.020000000000000018e+00 4.357349299034467549e-01
3.020000000000000462e+00 3.030000000000000249e+00 2.522479349017885397e-01
3.030000000000000249e+00 3.040000000000000036e+00 1.575648941989129526e-01
3.040000000000000036e+00 3.049999999999999822e+00 1.430025917989041773e-01
3.050000000000000266e+00 3.060000000000000053e+00 1.480522886004109751e-01
3.060000000000000497e+00 3.070000000000000284e+00 1.659653924025406013e-01
3.070000000000000284e+00 3.080000000000000071e+00 2.165760811976724654e-01
3.080000000000000071e+00 3.089999999999999858e+00 1.295191149993115687e-01
3.089999999999999858e+00 3.099999999999999645e+00 1.016215542003919836e-01
3.100000000000000089e+00 3.109999999999999876e+00 9.287181570198299596e-02
3.110000000000000320e+00 3.120000000000000107e+00 9.012581060051161330e-02
3.120000000000000107e+00 3.129999999999999893e+00 9.129980209945642855e-02
3.129999999999999893e+00 3.139999999999999680e+00 7.988616460079356330e-02
3.140000000000000124e+00 3.149999999999999911e+00 1.527525577012056601e-01
3.150000000000000355e+00 3.160000000000000142e+00 1.070801746991492109e-01
3.160000000000000142e+00 3.169999999999999929e+00 6.261405819986975985e-02
3.169999999999999929e+00 3.179999999999999716e+00 1.062077983970084460e-01
3.180000000000000160e+00 3.189999999999999947e+00 1.180769807015167316e-01
3.190000000000000391e+00 3.200000000000000178e+00 6.364343990207999013e-02
3.200000000000000178e+00 3.209999999999999964e+00 6.755060280102043180e-02
3.209999999999999964e+00 3.219999999999999751e+00 5.969845879917556886e-02
3.220000000000000195e+00 3.229999999999999982e+00 7.405535799989593215e-02
3.230000000000000426e+00 3.240000000000000213e+00 1.069626659991627093e-01
3.240000000000000213e+00 3.250000000000000000e+00 1.187743735990807181e-01
3.250000000000000000e+00 3.259999999999999787e+00 5.166101259874267271e-02
3.260000000000000231e+00 3.270000000000000018e+00 2.425585446981131099e-01
3.270000000000000462e+00 3.280000000000000249e+00 1.868911135034068138e-01
3.280000000000000249e+00 3.290000000000000036e+00 4.313050969994947081e-02
3.290000000000000036e+00 3.299999999999999822e+00 7.054088999848318053e-02
3.300000000000000266e+00 3.310000000000000053e+00 7.410340479873411823e-02
3.310000000000000497e+00 3.320000000000000284e+00 5.747325590164109599e-02
3.320000000000000284e+00 3.330000000000000071e+00 4.285906830045860261e-02
3.330000000000000071e+00 3.339999999999999858e+00 5.917844920077186543e-02
3.339999999999999858e+00 3.349999999999999645e+00 4.205745139915961772e-02
3.350000000000000089e+00 3.359999999999999876e+00 7.063663439930678578e-02
3.360000000000000320e+00 3.370000000000000107e+00 4.267849569896497997e-02
3.370000000000000107e+00 3.379999999999999893e+00 3.425471499940613285e-02
3.379999999999999893e+00 3.389999999999999680e+00 4.116157389944419265e-02
3.390000000000000124e+00 3.399999999999999911e+00 2.538143239962664666e-02
3.400000000000000355e+00 3.410000000000000142e+00 2.719476799939002376e-02
3.410000000000000142e+00 3.419999999999999929e+00 3.558670270012953551e-02
3.419999999999999929e+00 3.429999999999999716e+00 9.948527520191419171e-02
3.430000000000000160e+00 3.439999999999999947e+00 4.544059640193154337e-02
3.440000000000000391e+00 3.450000000000000178e+00 2.364629050043731695e-02
3.450000000000000178e+00 3.459999999999999964e+00 6.215671229711006163e-02
3.459999999999999964e+00 3.469999999999999751e+00 3.047070760203496320e-02
3.470000000000000195e+00 3.479999999999999982e+00 1.361291660978167783e-01
3.480000000000000426e+00 3.490000000000000213e+00 3.640387360155727947e-02
3.490000000000000213e+00 3.500000000000000000e+00 1.780219320989999687e-01
