2.624441811479105158e-01 2.278767294304423672e+02
4.107017576024475369e-01 1.681592591344153789e+02
6.521497408089371728e-01 1.203221931905753053e+02
1.024091086080837876e+00 8.224724086539877987e+01
1.617958467236727538e+00 7.334212534129648020e+01
2.556315277100516425e+00 3.352999448922163594e+01
4.030643482239234743e+00 2.289730724077461232e+01
6.351099408695852766e+00 1.586872213779766305e+01
1.002085114543741007e+01 5.717850199935978317e+00
1.578306046714027744e+01 3.936410152888583092e+00
2.488193120017154669e+01 1.856662226064785814e+00
2.613545909777000853e-01 2.423415685202325278e+02
4.124707095656489630e-01 1.365298897243907561e+02
6.503767956200140476e-01 1.108584528304231895e+02
1.027220919981679303e+00 5.907248221884449180e+01
1.618041019290569427e+00 5.704398338759842346e+01
2.552903407608214881e+00 2.945276831368478199e+01
4.025618841122899916e+00 1.114733158542411040e+01
6.348867685031683195e+00 5.904929642644116683e+00
1.000738211193460181e+01 3.372776437380826220e+00
1.579705396409847751e+01 3.514446440867371013e+00
2.488091958322892339e+01 1.346800521969721665e+00
2.614280012241513851e-01 1.676654866854343595e+02
4.132172561801454314e-01 1.365709249953908682e+02
6.507403718360331712e-01 9.119036176493020207e+01
1.026497247787652833e+00 5.166907977523706563e+01
1.619188319078536109e+00 3.541295446048491158e+01
2.553492747930217632e+00 1.612647237391602673e+01
4.023811546804673789e+00 7.652068785421834107e+00
6.348563077709420632e+00 6.082739504966706789e+00
1.001296335917601610e+01 3.359328299177268384e+00
1.578467515562713785e+01 1.953923381184548447e+00
2.488596045247574295e+01 1.391465042897096493e+00
2.610836896167459398e-01 1.138451840505798316e+02
4.121450073928996094e-01 7.715705309316649618e+01
6.505585162859280901e-01 6.061509922034157682e+01
1.025876017565367171e+00 3.314431302208276975e+01
1.618305281910372484e+00 1.991231908585217525e+01
2.553644366915049257e+00 9.625013980811273129e+00
4.027341079020847481e+00 4.408751524184712167e+00
6.348746924540159320e+00 3.663153325970198715e+00
1.001246011306191974e+01 2.400443986604393398e+00
1.578520675393833805e+01 2.023559921999433353e+00
2.488002666758585235e+01 1.057972898992880717e+00
2.613710052780651161e-01 7.862321611570435209e+01
4.124988024889431615e-01 5.699632509389901713e+01
6.508532103598201335e-01 4.127055675564893278e+01
1.026676956225901272e+00 2.536281382664492057e+01
1.618465449284336444e+00 1.097592163097000117e+01
2.553416981292103927e+00 7.912145501012653348e+00
4.027005235015445272e+00 3.303231465817759727e+00
6.350795085412764607e+00 2.674747562550284119e+00
1.001299964980472978e+01 1.436240517841271380e+00
1.578710344195130233e+01 6.916817931733829639e-01
2.488680055499538213e+01 7.362884830048662677e-01
2.615276703777155709e-01 6.364603184280440473e+01
4.125533830850537931e-01 4.638108892964601182e+01
6.508056283072253256e-01 2.861814524717912889e+01
1.026434312684047834e+00 2.347094814349679837e+01
1.619122326531684086e+00 1.037771197412326707e+01
2.553205898692383347e+00 4.866669057310186730e+00
4.026992691915653566e+00 2.521239006180911790e+00
6.349326764730819583e+00 2.510244646918220024e+00
1.001205737682699493e+01 1.432166728113475562e+00
1.578909707918209726e+01 1.135210148183965817e+00
2.488591501657636584e+01 6.360087095209601138e-01
