2.574881244565826455e-01 2.347710507331544534e+02
4.099098731584970845e-01 1.262799064446913206e+02
6.514387491505503336e-01 1.756365701877135450e+02
1.023573519500338147e+00 1.292856584264324340e+02
1.618922754890913973e+00 5.376601327232440752e+01
2.552870694154524500e+00 5.277809793729608145e+01
4.027549459120938202e+00 1.810273401506771762e+01
6.349336940279524555e+00 1.244127219806156859e+01
1.001154461108675164e+01 6.163259664911010738e+00
1.577992323956125986e+01 3.831313034545802410e+00
2.486280551903940150e+01 3.036000334977880133e+00
2.616615797811041033e-01 1.445818874399926699e+02
4.126422907553475850e-01 1.819829754362035317e+02
6.488602198670175847e-01 1.374317466595605595e+02
1.026940706809433612e+00 7.914020165135588059e+01
1.616177662074253840e+00 6.084345550407805803e+01
2.554241153905437933e+00 2.723226073214360454e+01
4.027198527671766115e+00 1.280607708758923735e+01
6.343523623630682451e+00 6.642869227140919541e+00
1.001386194799121832e+01 2.068802757830307204e+00
1.578640256158945299e+01 4.058256267345091040e+00
2.489238083829730996e+01 1.726856787237911695e+00
2.622162028844072235e-01 1.419727610205288499e+02
4.111511392919210417e-01 9.806770736834695867e+01
6.495568413502097460e-01 8.691595867962524835e+01
1.025959383398719504e+00 5.516148180877625862e+01
1.617345066149884270e+00 4.040346437100635768e+01
2.553701563805124586e+00 2.216554699331506839e+01
4.025055346823446456e+00 7.002360891890812233e+00
6.352595704461160508e+00 4.479210882791162973e+00
1.001059025774997657e+01 4.738349441678513685e+00
1.578751799444404469e+01 2.695596137895440059e+00
2.488270779745137418e+01 1.511675381411797137e+00
2.601998838504822054e-01 8.729512358208114620e+01
4.122851204504824341e-01 8.729969621113924916e+01
6.505875861336406496e-01 5.695013216936101941e+01
1.027135525551139628e+00 2.534961708792607027e+01
1.618456697548420475e+00 1.736810626460652784e+01
2.553457090733172397e+00 1.149929149899610259e+01
4.026429314320108865e+00 5.998217716722446191e+00
6.349479504273514152e+00 2.425410333848465605e+00
1.001014316640098656e+01 1.972706444561234118e+00
1.578440504693094582e+01 1.680987579611956217e+00
2.489317999532571690e+01 1.342338614886867232e+00
2.613680661163623742e-01 7.760294202456438484e+01
4.121217370717682460e-01 4.483828703150442152e+01
6.504393096500471483e-01 3.184839510979080757e+01
1.026456375628195250e+00 2.463142247814847607e+01
1.617688252053279596e+00 1.593546449189323155e+01
2.553346239243876159e+00 7.061835529505596121e+00
4.027543825592667659e+00 4.336768989255565643e+00
6.349044434809121285e+00 2.293013009492072207e+00
1.001164668501448496e+01 1.405287656238887628e+00
1.578633875601677872e+01 1.104983133471528989e+00
2.489534967892544870e+01 7.336386942627919350e-01
2.610844911295215343e-01 3.870460165438265676e+01
4.122273128139348763e-01 3.631211606922038015e+01
6.508531614067716298e-01 2.644897909317685958e+01
1.026149784022795330e+00 1.764827155811100212e+01
1.618374283943002201e+00 9.144495852406359759e+00
2.552635519779426598e+00 4.557650337439460131e+00
4.027682380636492532e+00 2.370041828584064092e+00
6.350600015082620509e+00 1.811359471114212027e+00
1.001477743284337230e+01 6.845513597508866566e-01
1.578907634917266201e+01 1.203905231255432362e+00
2.489305530931924437e+01 8.842752787470160580e-01
