0.000000000000000000e+00 1.000000000000000021e-02 3.783102383999996654e-01
9.999999999999998473e-03 2.000000000000000042e-02 9.591814172000001637e-01
2.000000000000000042e-02 3.000000000000000236e-02 1.619582067099998524e+00
3.000000000000000236e-02 4.000000000000000083e-02 2.751078292500002132e+00
4.000000000000000083e-02 4.999999999999999584e-02 2.761154337900001643e+00
5.000000000000000278e-02 5.999999999999999778e-02 4.454543918800000668e+00
6.000000000000000472e-02 7.000000000000000666e-02 5.246150818100007385e+00
7.000000000000000666e-02 8.000000000000001554e-02 6.740543728399995160e+00
7.999999999999998779e-02 8.999999999999999667e-02 7.850218752199985772e+00
8.999999999999999667e-02 1.000000000000000056e-01 7.403857552000012276e+00
1.000000000000000056e-01 1.100000000000000144e-01 7.992094104400017329e+00
1.099999999999999867e-01 1.199999999999999956e-01 9.697021686299954979e+00
1.199999999999999956e-01 1.300000000000000044e-01 8.880223850100001926e+00
1.300000000000000044e-01 1.400000000000000133e-01 9.524752542999948446e+00
1.400000000000000133e-01 1.500000000000000222e-01 9.726512732600085087e+00
1.499999999999999944e-01 1.600000000000000033e-01 1.149857735100000866e+01
1.600000000000000033e-01 1.700000000000000122e-01 1.144290526530006957e+01
1.699999999999999845e-01 1.799999999999999933e-01 1.232037777169983883e+01
1.799999999999999933e-01 1.900000000000000022e-01 1.262289390129997457e+01
1.900000000000000022e-01 2.000000000000000111e-01 1.277253340740023191e+01
2.000000000000000111e-01 2.100000000000000200e-01 1.363619485019978583e+01
2.099999999999999922e-01 2.200000000000000011e-01 1.400047945600010735e+01
2.200000000000000011e-01 2.300000000000000100e-01 1.451313809890001494e+01
2.299999999999999822e-01 2.399999999999999911e-01 1.546484906609987320e+01
2.399999999999999911e-01 2.500000000000000000e-01 1.548057580990004567e+01
2.500000000000000000e-01 2.600000000000000089e-01 1.634919169659994509e+01
2.600000000000000089e-01 2.700000000000000178e-01 1.560092394249991798e+01
2.700000000000000178e-01 2.800000000000000266e-01 1.587045399870009987e+01
2.800000000000000266e-01 2.900000000000000355e-01 1.632571521869999742e+01
2.899999999999999800e-01 2.999999999999999889e-01 1.809666896059962937e+01
2.999999999999999889e-01 3.099999999999999978e-01 1.615509397620041909e+01
3.099999999999999978e-01 3.200000000000000067e-01 1.437893336309974757e+01
3.200000000000000067e-01 3.300000000000000155e-01 1.472831727450011385e+01
3.300000000000000155e-01 3.400000000000000244e-01 1.466273370769999929e+01
3.400000000000000244e-01 3.500000000000000333e-01 1.461068462260016076e+01
3.499999999999999778e-01 3.599999999999999867e-01 1.388132307079985139e+01
3.599999999999999867e-01 3.699999999999999956e-01 1.330755772889943955e+01
3.699999999999999956e-01 3.800000000000000044e-01 1.362641813450073869e+01
3.800000000000000044e-01 3.900000000000000133e-01 1.384999021689969823e+01
3.900000000000000133e-01 4.000000000000000222e-01 1.340609371409988171e+01
4.000000000000000222e-01 4.100000000000000311e-01 1.393133681180012218e+01
4.100000000000000311e-01 4.200000000000000400e-01 1.475022055160036416e+01
4.199999999999999845e-01 4.299999999999999933e-01 1.588218859799980009e+01
4.299999999999999933e-01 4.400000000000000022e-01 1.783440436080013569e+01
4.400000000000000022e-01 4.500000000000000111e-01 1.972556194659995299e+01
4.500000000000000111e-01 4.600000000000000200e-01 2.121097347459965476e+01
4.600000000000000200e-01 4.700000000000000289e-01 2.327091329590018631e+01
4.699999999999999734e-01 4.799999999999999822e-01 2.300445556059958108e+01
4.799999999999999822e-01 4.899999999999999911e-01 2.451711529390036048e+01
4.899999999999999911e-01 5.000000000000000000e-01 2.735169031129998984e+01
5.000000000000000000e-01 5.100000000000000089e-01 2.958470389179944959e+01
5.100000000000000089e-01 5.200000000000000178e-01 3.024994444450078390e+01
5.200000000000000178e-01 5.300000000000000266e-01 3.313242898869930286e+01
5.300000000000000266e-01 5.400000000000000355e-01 3.615652393040022616e+01
5.400000000000000355e-01 5.500000000000000444e-01 4.102275391250020675e+01
5.500000000000000444e-01 5.600000000000000533e-01 4.582125038820049667e+01
5.600000000000000533e-01 5.700000000000000622e-01 5.018821184049954809e+01
5.699999999999999512e-01 5.799999999999999600e-01 5.597460520330059808e+01
5.799999999999999600e-01 5.899999999999999689e-01 5.810099824449969219e+01
5.899999999999999689e-01 5.999999999999999778e-01 6.166143806920013049e+01
5.999999999999999778e-01 6.099999999999999867e-01 6.289121574910086565e+01
6.099999999999999867e-01 6.199999999999999956e-01 6.379746418129911945e+01
6.199999999999999956e-01 6.300000000000000044e-01 6.561798809530023391e+01
6.300000000000000044e-01 6.400000000000000133e-01 6.710440245509880697e+01
6.400000000000000133e-01 6.500000000000000222e-01 6.845810580610032048e+01
6.500000000000000222e-01 6.600000000000000311e-01 6.913506719669931044e+01
6.600000000000000311e-01 6.700000000000000400e-01 6.919406592420136803e+01
6.700000000000000400e-01 6.800000000000000488e-01 7.212552230099913686e+01
6.800000000000000488e-01 6.900000000000000577e-01 7.290297708289995171e+01
6.900000000000000577e-01 7.000000000000000666e-01 7.632367490830097267e+01
7.000000000000000666e-01 7.100000000000000755e-01 8.098798510649930904e+01
7.099999999999999645e-01 7.199999999999999734e-01 8.334163349760092387e+01
7.199999999999999734e-01 7.299999999999999822e-01 8.318287020229854534e+01
7.299999999999999822e-01 7.399999999999999911e-01 7.996311882110126135e+01
7.399999999999999911e-01 7.500000000000000000e-01 8.092455602569953044e+01
7.500000000000000000e-01 7.600000000000000089e-01 8.263407376059831222e+01
7.600000000000000089e-01 7.700000000000000178e-01 7.922785985080236060e+01
7.700000000000000178e-01 7.800000000000000266e-01 7.757146566439905655e+01
7.800000000000000266e-01 7.900000000000000355e-01 7.893828057200198600e+01
7.900000000000000355e-01 8.000000000000000444e-01 7.608268635740023456e+01
8.000000000000000444e-01 8.100000000000000533e-01 7.599138943179877970e+01
8.100000000000000533e-01 8.200000000000000622e-01 7.360494497459740160e+01
8.200000000000000622e-01 8.300000000000000711e-01 7.302440999610234940e+01
8.299999999999999600e-01 8.399999999999999689e-01 7.269526430079804413e+01
8.399999999999999689e-01 8.499999999999999778e-01 6.981268223120287075e+01
8.499999999999999778e-01 8.599999999999999867e-01 6.686644137160010359e+01
8.599999999999999867e-01 8.699999999999999956e-01 6.723970137329888530e+01
8.699999999999999956e-01 8.800000000000000044e-01 6.675405602730097598e+01
8.800000000000000044e-01 8.900000000000000133e-01 6.193640874819857345e+01
8.900000000000000133e-01 9.000000000000000222e-01 6.161370940460119527e+01
9.000000000000000222e-01 9.100000000000000311e-01 5.937727925120179862e+01
9.100000000000000311e-01 9.200000000000000400e-01 5.779238189999841779e+01
9.200000000000000400e-01 9.300000000000000488e-01 5.406743902239804811e+01
9.300000000000000488e-01 9.400000000000000577e-01 5.268128208240204913e+01
9.400000000000000577e-01 9.500000000000000666e-01 5.122862594250091206e+01
9.500000000000000666e-01 9.600000000000000755e-01 4.881615766099866960e+01
9.599999999999999645e-01 9.699999999999999734e-01 5.056573563270194427e+01
9.699999999999999734e-01 9.799999999999999822e-01 4.893743947249822668e+01
9.799999999999999822e-01 9.899999999999999911e-01 4.620220969939782663e+01
9.899999999999999911e-01 1.000000000000000000e+00 4.636091072990257089e+01
9.999999999999998890e-01 1.009999999999999787e+00 4.504823382489985306e+01
1.010000000000000231e+00 1.020000000000000018e+00 4.280448058889942331e+01
1.020000000000000018e+00 1.029999999999999805e+00 4.087752244920011435e+01
1.030000000000000249e+00 1.040000000000000036e+00 3.935510267820018271e+01
1.040000000000000036e+00 1.049999999999999822e+00 3.803332456639964221e+01
1.050000000000000266e+00 1.060000000000000053e+00 3.474390293210035452e+01
1.060000000000000053e+00 1.069999999999999840e+00 3.255125226339623623e+01
1.070000000000000284e+00 1.080000000000000071e+00 3.037342344180569853e+01
1.080000000000000071e+00 1.089999999999999858e+00 2.975595075349565377e+01
1.090000000000000302e+00 1.100000000000000089e+00 2.948841546230141830e+01
1.100000000000000089e+00 1.109999999999999876e+00 2.858026903349764325e+01
1.110000000000000320e+00 1.120000000000000107e+00 2.648735059940190695e+01
1.120000000000000107e+00 1.129999999999999893e+00 2.594300693610148301e+01
1.130000000000000338e+00 1.140000000000000124e+00 2.538430885360048705e+01
1.140000000000000124e+00 1.149999999999999911e+00 2.323013824309600750e+01
1.150000000000000133e+00 1.159999999999999920e+00 2.302896806769967952e+01
1.160000000000000142e+00 1.169999999999999929e+00 2.195625783140621934e+01
1.169999999999999929e+00 1.179999999999999716e+00 2.043524485119633027e+01
1.180000000000000160e+00 1.189999999999999947e+00 1.963293434279876237e+01
1.189999999999999947e+00 1.199999999999999734e+00 1.951403271409981244e+01
1.200000000000000178e+00 1.209999999999999964e+00 2.125575801750073879e+01
1.209999999999999964e+00 1.219999999999999751e+00 1.981555376350206643e+01
1.220000000000000195e+00 1.229999999999999982e+00 1.947436901059518277e+01
1.229999999999999982e+00 1.239999999999999769e+00 1.873420612899917614e+01
1.240000000000000213e+00 1.250000000000000000e+00 2.003279745690542768e+01
1.250000000000000000e+00 1.259999999999999787e+00 1.758475407550122327e+01
1.260000000000000231e+00 1.270000000000000018e+00 1.750909327489807765e+01
1.270000000000000018e+00 1.279999999999999805e+00 1.598904411300009087e+01
1.280000000000000249e+00 1.290000000000000036e+00 1.663739634760258923e+01
1.290000000000000036e+00 1.299999999999999822e+00 1.456239799299601145e+01
1.300000000000000266e+00 1.310000000000000053e+00 1.317206377720140154e+01
1.310000000000000053e+00 1.319999999999999840e+00 1.256129361920375231e+01
1.320000000000000284e+00 1.330000000000000071e+00 1.343037659829496988e+01
1.330000000000000071e+00 1.339999999999999858e+00 1.236264056670006539e+01
1.340000000000000302e+00 1.350000000000000089e+00 1.272850539950013626e+01
1.350000000000000089e+00 1.359999999999999876e+00 1.151374417470287881e+01
1.360000000000000320e+00 1.370000000000000107e+00 1.230159243900106958e+01
1.370000000000000107e+00 1.379999999999999893e+00 1.219143381250160019e+01
1.380000000000000338e+00 1.390000000000000124e+00 1.178562815339591907e+01
1.390000000000000124e+00 1.399999999999999911e+00 1.131740798929968150e+01
1.400000000000000133e+00 1.409999999999999920e+00 1.096871296829795028e+01
1.410000000000000142e+00 1.419999999999999929e+00 1.065949102410377236e+01
1.419999999999999929e+00 1.429999999999999716e+00 1.017503345739442011e+01
1.430000000000000160e+00 1.439999999999999947e+00 9.552675367595838907e+00
1.439999999999999947e+00 1.449999999999999734e+00 9.584883335206541233e+00
1.450000000000000178e+00 1.459999999999999964e+00 9.384235425503902661e+00
1.459999999999999964e+00 1.469999999999999751e+00 1.026697901049737993e+01
1.470000000000000195e+00 1.479999999999999982e+00 9.774628438603031100e+00
1.479999999999999982e+00 1.489999999999999769e+00 9.299977565994595352e+00
1.490000000000000213e+00 1.500000000000000000e+00 8.672316462802882597e+00
1.500000000000000000e+00 1.509999999999999787e+00 8.186087438499271229e+00
1.510000000000000231e+00 1.520000000000000018e+00 9.368988473296667507e+00
1.520000000000000018e+00 1.529999999999999805e+00 8.036146687198197469e+00
1.530000000000000249e+00 1.540000000000000036e+00 8.559581486601928191e+00
1.540000000000000036e+00 1.549999999999999822e+00 8.146440555305161979e+00
1.550000000000000266e+00 1.560000000000000053e+00 8.336634078298629902e+00
1.560000000000000053e+00 1.569999999999999840e+00 7.654728827596954943e+00
1.570000000000000284e+00 1.580000000000000071e+00 7.365144408602645854e+00
1.580000000000000071e+00 1.589999999999999858e+00 7.887012180201054434e+00
1.590000000000000302e+00 1.600000000000000089e+00 7.449010303700561053e+00
1.600000000000000089e+00 1.609999999999999876e+00 7.698266810001769045e+00
1.610000000000000320e+00 1.620000000000000107e+00 6.540344869096770708e+00
1.620000000000000107e+00 1.629999999999999893e+00 7.427909392200490402e+00
1.630000000000000338e+00 1.640000000000000124e+00 7.075962530394463101e+00
1.640000000000000124e+00 1.649999999999999911e+00 6.985100822900676576e+00
1.650000000000000355e+00 1.660000000000000142e+00 6.448829407403536607e+00
1.660000000000000142e+00 1.669999999999999929e+00 6.240985623201595445e+00
1.669999999999999929e+00 1.679999999999999716e+00 5.949790681400372705e+00
1.680000000000000160e+00 1.689999999999999947e+00 6.357361832800961565e+00
1.689999999999999947e+00 1.699999999999999734e+00 6.447806049895007163e+00
1.700000000000000178e+00 1.709999999999999964e+00 5.528967075400942122e+00
1.709999999999999964e+00 1.719999999999999751e+00 5.727488187097151240e+00
1.720000000000000195e+00 1.729999999999999982e+00 5.695483986701219692e+00
1.729999999999999982e+00 1.739999999999999769e+00 5.852327741001317918e+00
1.740000000000000213e+00 1.750000000000000000e+00 5.481299593801850278e+00
1.750000000000000000e+00 1.759999999999999787e+00 6.194756347501424898e+00
1.760000000000000231e+00 1.770000000000000018e+00 5.837570123397199495e+00
1.770000000000000018e+00 1.779999999999999805e+00 5.522337109299769509e+00
1.780000000000000249e+00 1.790000000000000036e+00 4.851456623600824969e+00
1.790000000000000036e+00 1.799999999999999822e+00 4.580236741400767642e+00
1.800000000000000266e+00 1.810000000000000053e+00 4.819694297703790653e+00
1.810000000000000053e+00 1.819999999999999840e+00 4.540743499399468419e+00
1.820000000000000284e+00 1.830000000000000071e+00 4.938529451795147907e+00
1.830000000000000071e+00 1.839999999999999858e+00 5.063006259497342398e+00
1.840000000000000302e+00 1.850000000000000089e+00 4.208309857602216653e+00
1.850000000000000089e+00 1.859999999999999876e+00 4.111688144698746328e+00
1.860000000000000320e+00 1.870000000000000107e+00 4.390042616698337952e+00
1.870000000000000107e+00 1.879999999999999893e+00 3.997912739508137747e+00
1.880000000000000338e+00 1.890000000000000124e+00 4.424066779894928914e+00
1.890000000000000124e+00 1.899999999999999911e+00 4.069694995203462895e+00
1.900000000000000355e+00 1.910000000000000142e+00 3.478395157997510978e+00
1.910000000000000142e+00 1.919999999999999929e+00 3.618243374798112200e+00
1.919999999999999929e+00 1.929999999999999716e+00 3.302952626196201891e+00
1.930000000000000160e+00 1.939999999999999947e+00 3.385377515606705856e+00
1.939999999999999947e+00 1.949999999999999734e+00 3.541840028898150194e+00
1.950000000000000178e+00 1.959999999999999964e+00 2.902485803204399417e+00
1.959999999999999964e+00 1.969999999999999751e+00 3.176400319497588498e+00
1.970000000000000195e+00 1.979999999999999982e+00 3.360471310796128819e+00
1.979999999999999982e+00 1.989999999999999769e+00 2.843770538200260489e+00
1.990000000000000213e+00 2.000000000000000000e+00 2.631518224899991765e+00
2.000000000000000000e+00 2.009999999999999787e+00 3.052894931102855480e+00
2.010000000000000231e+00 2.020000000000000018e+00 3.070332496500668640e+00
2.020000000000000462e+00 2.030000000000000249e+00 2.805608067998036859e+00
2.030000000000000249e+00 2.040000000000000036e+00 2.905766680600208929e+00
2.040000000000000036e+00 2.049999999999999822e+00 2.999783056506203138e+00
2.049999999999999822e+00 2.059999999999999609e+00 2.770140763200288347e+00
2.060000000000000053e+00 2.069999999999999840e+00 2.689571760299259040e+00
2.070000000000000284e+00 2.080000000000000071e+00 2.920150899198233674e+00
2.080000000000000071e+00 2.089999999999999858e+00 2.445572889196228061e+00
2.089999999999999858e+00 2.099999999999999645e+00 2.396037579700532660e+00
2.100000000000000089e+00 2.109999999999999876e+00 2.804446949399789446e+00
2.110000000000000320e+00 2.120000000000000107e+00 2.130784679894532019e+00
2.120000000000000107e+00 2.129999999999999893e+00 2.350709633208680316e+00
2.129999999999999893e+00 2.139999999999999680e+00 1.902246176295193436e+00
2.140000000000000124e+00 2.149999999999999911e+00 1.885132555503332696e+00
2.150000000000000355e+00 2.160000000000000142e+00 2.232834672196986503e+00
2.160000000000000142e+00 2.169999999999999929e+00 1.862438314099563286e+00
2.169999999999999929e+00 2.179999999999999716e+00 1.596397739199346688e+00
2.180000000000000160e+00 2.189999999999999947e+00 1.923875957499149081e+00
2.190000000000000391e+00 2.200000000000000178e+00 1.680593549404875375e+00
2.200000000000000178e+00 2.209999999999999964e+00 1.497887534196706838e+00
2.209999999999999964e+00 2.219999999999999751e+00 1.845683520999955363e+00
2.220000000000000195e+00 2.229999999999999982e+00 1.678617847495843307e+00
2.230000000000000426e+00 2.240000000000000213e+00 1.581743658904997574e+00
2.240000000000000213e+00 2.250000000000000000e+00 1.475327278801159991e+00
2.250000000000000000e+00 2.259999999999999787e+00 1.772690915701787162e+00
2.260000000000000231e+00 2.270000000000000018e+00 1.506183038797644258e+00
2.270000000000000462e+00 2.280000000000000249e+00 1.814540617799139000e+00
2.280000000000000249e+00 2.290000000000000036e+00 1.937932179099334462e+00
2.290000000000000036e+00 2.299999999999999822e+00 1.252921032903032028e+00
2.300000000000000266e+00 2.310000000000000053e+00 1.143036153996035864e+00
2.310000000000000053e+00 2.319999999999999840e+00 1.509798807002880494e+00
2.320000000000000284e+00 2.330000000000000071e+00 1.471704606096864154e+00
2.330000000000000071e+00 2.339999999999999858e+00 1.131601688803129946e+00
2.339999999999999858e+00 2.349999999999999645e+00 1.051576447797742730e+00
2.350000000000000089e+00 2.359999999999999876e+00 1.125428464797550987e+00
2.360000000000000320e+00 2.370000000000000107e+00 1.269203821502742358e+00
2.370000000000000107e+00 2.379999999999999893e+00 1.125413774799199018e+00
2.379999999999999893e+00 2.389999999999999680e+00 1.017574691703885037e+00
2.390000000000000124e+00 2.399999999999999911e+00 1.033188941397384042e+00
2.400000000000000355e+00 2.410000000000000142e+00 1.022119785302493256e+00
2.410000000000000142e+00 2.419999999999999929e+00 9.129414578019350301e-01
2.419999999999999929e+00 2.429999999999999716e+00 1.443553160694136750e+00
2.430000000000000160e+00 2.439999999999999947e+00 9.206416714005172253e-01
2.440000000000000391e+00 2.450000000000000178e+00 9.927626573007728439e-01
2.450000000000000178e+00 2.459999999999999964e+00 9.630384435022278922e-01
2.459999999999999964e+00 2.469999999999999751e+00 1.204304176000732696e+00
2.470000000000000195e+00 2.479999999999999982e+00 1.203451300599226670e+00
2.480000000000000426e+00 2.490000000000000213e+00 8.671175259014489711e-01
2.490000000000000213e+00 2.500000000000000000e+00 9.317132493961253203e-01
2.500000000000000000e+00 2.509999999999999787e+00 9.614356836982551613e-01
2.510000000000000231e+00 2.520000000000000018e+00 6.798002964051192976e-01
2.520000000000000462e+00 2.530000000000000249e+00 6.563874430003124871e-01
2.530000000000000249e+00 2.540000000000000036e+00 8.971124681966102798e-01
2.540000000000000036e+00 2.549999999999999822e+00 5.578843686025720672e-01
2.550000000000000266e+00 2.560000000000000053e+00 7.403011756978230551e-01
2.560000000000000053e+00 2.569999999999999840e+00 7.483142914024938364e-01
2.570000000000000284e+00 2.580000000000000071e+00 6.578587410958789405e-01
2.580000000000000071e+00 2.589999999999999858e+00 7.476627231017118902e-01
2.589999999999999858e+00 2.599999999999999645e+00 6.930929735008248826e-01
2.600000000000000089e+00 2.609999999999999876e+00 5.591039918990645674e-01
2.610000000000000320e+00 2.620000000000000107e+00 5.113140342054975918e-01
2.620000000000000107e+00 2.629999999999999893e+00 5.463234023009135853e-01
2.629999999999999893e+00 2.639999999999999680e+00 5.793766881970441318e-01
2.640000000000000124e+00 2.649999999999999911e+00 4.251237426960869925e-01
2.650000000000000355e+00 2.660000000000000142e+00 5.687735748961131321e-01
2.660000000000000142e+00 2.669999999999999929e+00 4.726243353043173556e-01
2.669999999999999929e+00 2.679999999999999716e+00 4.117987940990133211e-01
2.680000000000000160e+00 2.689999999999999947e+00 3.389422635054870625e-01
2.690000000000000391e+00 2.700000000000000178e+00 3.930709684991597896e-01
2.700000000000000178e+00 2.709999999999999964e+00 3.466199276972474763e-01
2.709999999999999964e+00 2.719999999999999751e+00 3.371141969009840977e-01
2.720000000000000195e+00 2.729999999999999982e+00 3.790939706013887189e-01
2.730000000000000426e+00 2.740000000000000213e+00 4.811108972999136313e-01
2.740000000000000213e+00 2.750000000000000000e+00 2.691590041986273718e-01
2.750000000000000000e+00 2.759999999999999787e+00 6.383108392992653535e-01
2.760000000000000231e+00 2.770000000000000018e+00 4.099263786993105896e-01
2.770000000000000462e+00 2.780000000000000249e+00 3.163108580029074801e-01
2.780000000000000249e+00 2.790000000000000036e+00 2.994963217943222844e-01
2.790000000000000036e+00 2.799999999999999822e+00 2.668438541995783453e-01
2.800000000000000266e+00 2.810000000000000053e+00 2.532396498045272892e-01
2.810000000000000053e+00 2.819999999999999840e+00 3.522855242999867187e-01
2.820000000000000284e+00 2.830000000000000071e+00 2.426741646013397258e-01
2.830000000000000071e+00 2.839999999999999858e+00 3.140740343942525215e-01
2.839999999999999858e+00 2.849999999999999645e+00 2.250914439055122784e-01
2.850000000000000089e+00 2.859999999999999876e+00 2.836335157999201328e-01
2.860000000000000320e+00 2.870000000000000107e+00 2.205681043978984235e-01
2.870000000000000107e+00 2.879999999999999893e+00 1.876912884999910602e-01
2.879999999999999893e+00 2.889999999999999680e+00 1.894041387004108401e-01
2.890000000000000124e+00 2.899999999999999911e+00 2.245232172053874820e-01
2.900000000000000355e+00 2.910000000000000142e+00 2.531457745981242624e-01
2.910000000000000142e+00 2.919999999999999929e+00 2.214052376994004590e-01
2.919999999999999929e+00 2.929999999999999716e+00 2.772190181030964595e-01
2.930000000000000160e+00 2.939999999999999947e+00 1.424598116982451756e-01
2.940000000000000391e+00 2.950000000000000178e+00 1.715382100946953869e-01
2.950000000000000178e+00 2.959999999999999964e+00 2.262774045984770055e-01
2.959999999999999964e+00 2.969999999999999751e+00 2.397132921023512608e-01
2.970000000000000195e+00 2.979999999999999982e+00 2.251302362001297297e-01
2.980000000000000426e+00 2.990000000000000213e+00 1.671525097981430008e-01
2.990000000000000213e+00 3.000000000000000000e+00 1.464320151007996174e-01
3.000000000000000000e+00 3.009999999999999787e+00 1.526798306022101315e-01
3.010000000000000231e+00 3.020000000000000018e+00 2.932918731976315030e-01
3.020000000000000462e+00 3.030000000000000249e+00 3.067230097985884640e-01
3.030000000000000249e+00 3.040000000000000036e+00 1.323090899022645317e-01
3.040000000000000036e+00 3.049999999999999822e+00 1.285816016998069244e-01
3.050000000000000266e+00 3.060000000000000053e+00 1.086641013025655411e-01
3.060000000000000497e+00 3.070000000000000284e+00 1.570634587960739736e-01
3.070000000000000284e+00 3.080000000000000071e+00 1.026161680965742562e-01
3.080000000000000071e+00 3.089999999999999858e+00 1.165355811008339515e-01
3.089999999999999858e+00 3.099999999999999645e+00 1.064188170985289617e-01
3.100000000000000089e+00 3.109999999999999876e+00 7.065414540738856886e-02
3.110000000000000320e+00 3.120000000000000107e+00 6.297569900016242173e-02
3.120000000000000107e+00 3.129999999999999893e+00 1.050291733963604202e-01
3.129999999999999893e+00 3.139999999999999680e+00 7.656678890089096967e-02
3.140000000000000124e+00 3.149999999999999911e+00 1.097427502991195070e-01
3.150000000000000355e+00 3.160000000000000142e+00 7.914702470134216128e-02
3.160000000000000142e+00 3.169999999999999929e+00 4.695235679901088588e-02
3.169999999999999929e+00 3.179999999999999716e+00 1.137508695001088199e-01
3.180000000000000160e+00 3.189999999999999947e+00 1.457779730999391177e-01
3.190000000000000391e+00 3.200000000000000178e+00 4.401629370204318548e-02
3.200000000000000178e+00 3.209999999999999964e+00 7.291092259947618004e-02
3.209999999999999964e+00 3.219999999999999751e+00 4.605839479700080119e-02
3.220000000000000195e+00 3.229999999999999982e+00 5.775432579866901506e-02
3.230000000000000426e+00 3.240000000000000213e+00 9.272560390490980353e-02
3.240000000000000213e+00 3.250000000000000000e+00 6.459160869781044312e-02
3.250000000000000000e+00 3.259999999999999787e+00 6.741910760047176154e-02
3.260000000000000231e+00 3.270000000000000018e+00 1.606835591983326594e-01
3.270000000000000462e+00 3.280000000000000249e+00 2.009625320015402394e-01
3.280000000000000249e+00 3.290000000000000036e+00 3.451506499914103188e-02
3.290000000000000036e+00 3.299999999999999822e+00 9.492563629919459345e-02
3.300000000000000266e+00 3.310000000000000053e+00 3.568511410230712499e-02
3.310000000000000497e+00 3.320000000000000284e+00 4.620530310057802126e-02
3.320000000000000284e+00 3.330000000000000071e+00 4.082267439753195504e-02
3.330000000000000071e+00 3.339999999999999858e+00 5.559549800091190264e-02
3.339999999999999858e+00 3.349999999999999645e+00 2.612882180073938798e-02
3.350000000000000089e+00 3.359999999999999876e+00 7.737792320131120505e-02
3.360000000000000320e+00 3.370000000000000107e+00 3.536620990234951023e-02
3.370000000000000107e+00 3.379999999999999893e+00 2.610106719839677680e-02
3.379999999999999893e+00 3.389999999999999680e+00 2.861322399985510856e-02
3.390000000000000124e+00 3.399999999999999911e+00 3.333539800132712116e-02
3.400000000000000355e+00 3.410000000000000142e+00 4.276020659744972363e-02
3.410000000000000142e+00 3.419999999999999929e+00 2.518696219703997485e-02
3.419999999999999929e+00 3.429999999999999716e+00 3.125408210053137736e-02
3.430000000000000160e+00 3.439999999999999947e+00 6.008476580063870642e-02
3.440000000000000391e+00 3.450000000000000178e+00 2.233171579973713960e-02
3.450000000000000178e+00 3.459999999999999964e+00 2.466161080155870877e-02
3.459999999999999964e+00 3.469999999999999751e+00 4.201073270087363198e-02
3.470000000000000195e+00 3.479999999999999982e+00 6.301247139981569489e-02
3.480000000000000426e+00 3.490000000000000213e+00 4.317672470097022597e-02
3.490000000000000213e+00 3.500000000000000000e+00 1.098025983992556576e-01
