0.000000000000000000e+00 1.000000000000000021e-02 3.782596463999999825e-01
9.999999999999998473e-03 2.000000000000000042e-02 1.030852918469999491e+00
2.000000000000000042e-02 3.000000000000000236e-02 1.913800360569999581e+00
3.000000000000000236e-02 4.000000000000000083e-02 2.970361696489998593e+00
4.000000000000000083e-02 4.999999999999999584e-02 3.143549490520001655e+00
5.000000000000000278e-02 5.999999999999999778e-02 4.757777329440006753e+00
6.000000000000000472e-02 7.000000000000000666e-02 5.946810016329999726e+00
7.000000000000000666e-02 8.000000000000001554e-02 6.810225614790002879e+00
7.999999999999998779e-02 8.999999999999999667e-02 7.862085868280008327e+00
8.999999999999999667e-02 1.000000000000000056e-01 7.059636310969978013e+00
1.000000000000000056e-01 1.100000000000000144e-01 7.426769844420022082e+00
1.099999999999999867e-01 1.199999999999999956e-01 8.535969847669946375e+00
1.199999999999999956e-01 1.300000000000000044e-01 7.617046934840026040e+00
1.300000000000000044e-01 1.400000000000000133e-01 8.046097049780044586e+00
1.400000000000000133e-01 1.500000000000000222e-01 7.806473287819983398e+00
1.499999999999999944e-01 1.600000000000000033e-01 9.460074897689963791e+00
1.600000000000000033e-01 1.700000000000000122e-01 9.034791102180065536e+00
1.699999999999999845e-01 1.799999999999999933e-01 9.227157498499906296e+00
1.799999999999999933e-01 1.900000000000000022e-01 9.528933667140080388e+00
1.900000000000000022e-01 2.000000000000000111e-01 9.081440271890016902e+00
2.000000000000000111e-01 2.100000000000000200e-01 9.690124159070023779e+00
2.099999999999999922e-01 2.200000000000000011e-01 1.003092375924006774e+01
2.200000000000000011e-01 2.300000000000000100e-01 9.343995666859882476e+00
2.299999999999999822e-01 2.399999999999999911e-01 1.036191303160995858e+01
2.399999999999999911e-01 2.500000000000000000e-01 9.585244452760036893e+00
2.500000000000000000e-01 2.600000000000000089e-01 1.013370536448005055e+01
2.600000000000000089e-01 2.700000000000000178e-01 9.833622537789807438e+00
2.700000000000000178e-01 2.800000000000000266e-01 9.709268534490036018e+00
2.800000000000000266e-01 2.900000000000000355e-01 9.951791031459976011e+00
2.899999999999999800e-01 2.999999999999999889e-01 1.112808207941014871e+01
2.999999999999999889e-01 3.099999999999999978e-01 1.023399168671980419e+01
3.099999999999999978e-01 3.200000000000000067e-01 8.918398852750129890e+00
3.200000000000000067e-01 3.300000000000000155e-01 9.130130054630228642e+00
3.300000000000000155e-01 3.400000000000000244e-01 9.507964485469813098e+00
3.400000000000000244e-01 3.500000000000000333e-01 8.807418752649994076e+00
3.499999999999999778e-01 3.599999999999999867e-01 8.664507553139969787e+00
3.599999999999999867e-01 3.699999999999999956e-01 8.508930436979767364e+00
3.699999999999999956e-01 3.800000000000000044e-01 8.811582509880452108e+00
3.800000000000000044e-01 3.900000000000000133e-01 8.688380480899922986e+00
3.900000000000000133e-01 4.000000000000000222e-01 8.508992252470022777e+00
4.000000000000000222e-01 4.100000000000000311e-01 9.067016945729903910e+00
4.100000000000000311e-01 4.200000000000000400e-01 8.986840050420028092e+00
4.199999999999999845e-01 4.299999999999999933e-01 9.346994427019637897e+00
4.299999999999999933e-01 4.400000000000000022e-01 1.019691833614041343e+01
4.400000000000000022e-01 4.500000000000000111e-01 1.056381499636978560e+01
4.500000000000000111e-01 4.600000000000000200e-01 1.093721571946014137e+01
4.600000000000000200e-01 4.700000000000000289e-01 1.175059475520993146e+01
4.699999999999999734e-01 4.799999999999999822e-01 1.077233597814006316e+01
4.799999999999999822e-01 4.899999999999999911e-01 1.112222369100027208e+01
4.899999999999999911e-01 5.000000000000000000e-01 1.143541765574974534e+01
5.000000000000000000e-01 5.100000000000000089e-01 1.227567152456049371e+01
5.100000000000000089e-01 5.200000000000000178e-01 1.235704068362963426e+01
5.200000000000000178e-01 5.300000000000000266e-01 1.226890258521990518e+01
5.300000000000000266e-01 5.400000000000000355e-01 1.290860126884984993e+01
5.400000000000000355e-01 5.500000000000000444e-01 1.389879366994983911e+01
5.500000000000000444e-01 5.600000000000000533e-01 1.459433743594001953e+01
5.600000000000000533e-01 5.700000000000000622e-01 1.622160245218009322e+01
5.699999999999999512e-01 5.799999999999999600e-01 1.876026265962048001e+01
5.799999999999999600e-01 5.899999999999999689e-01 2.080268112508019840e+01
5.899999999999999689e-01 5.999999999999999778e-01 2.263042025199990803e+01
5.999999999999999778e-01 6.099999999999999867e-01 2.511355725764929048e+01
6.099999999999999867e-01 6.199999999999999956e-01 2.817891382838070058e+01
6.199999999999999956e-01 6.300000000000000044e-01 3.025446536243964601e+01
6.300000000000000044e-01 6.400000000000000133e-01 3.185490847796995695e+01
6.400000000000000133e-01 6.500000000000000222e-01 3.471244563250991177e+01
6.500000000000000222e-01 6.600000000000000311e-01 3.702255426978092601e+01
6.600000000000000311e-01 6.700000000000000400e-01 3.910521413139917968e+01
6.700000000000000400e-01 6.800000000000000488e-01 4.187465436845013755e+01
6.800000000000000488e-01 6.900000000000000577e-01 4.536347171175987114e+01
6.900000000000000577e-01 7.000000000000000666e-01 5.041110098292006114e+01
7.000000000000000666e-01 7.100000000000000755e-01 5.673181075731940837e+01
7.099999999999999645e-01 7.199999999999999734e-01 6.145576385209119508e+01
7.199999999999999734e-01 7.299999999999999822e-01 6.411237669369029391e+01
7.299999999999999822e-01 7.399999999999999911e-01 6.445012515188068392e+01
7.399999999999999911e-01 7.500000000000000000e-01 6.788060974984887253e+01
7.500000000000000000e-01 7.600000000000000089e-01 7.015463384384975143e+01
7.600000000000000089e-01 7.700000000000000178e-01 6.983530649416252345e+01
7.700000000000000178e-01 7.800000000000000266e-01 6.968661301132874542e+01
7.800000000000000266e-01 7.900000000000000355e-01 7.223970178267859410e+01
7.900000000000000355e-01 8.000000000000000444e-01 7.025541622309106060e+01
8.000000000000000444e-01 8.100000000000000533e-01 7.197117571115063583e+01
8.100000000000000533e-01 8.200000000000000622e-01 7.017465724969974872e+01
8.200000000000000622e-01 8.300000000000000711e-01 6.970688268764956774e+01
8.299999999999999600e-01 8.399999999999999689e-01 6.907004610056105776e+01
8.399999999999999689e-01 8.499999999999999778e-01 6.887102736296878902e+01
8.499999999999999778e-01 8.599999999999999867e-01 6.689088044795198584e+01
8.599999999999999867e-01 8.699999999999999956e-01 6.534447019280855784e+01
8.699999999999999956e-01 8.800000000000000044e-01 6.466820595010085526e+01
8.800000000000000044e-01 8.900000000000000133e-01 6.132640207021040624e+01
8.900000000000000133e-01 9.000000000000000222e-01 6.195778246143709111e+01
9.000000000000000222e-01 9.100000000000000311e-01 5.973202877441326564e+01
9.100000000000000311e-01 9.200000000000000400e-01 5.802670104596791134e+01
9.200000000000000400e-01 9.300000000000000488e-01 5.536566895102168928e+01
9.300000000000000488e-01 9.400000000000000577e-01 5.580280883038858519e+01
9.400000000000000577e-01 9.500000000000000666e-01 5.290735503981795773e+01
9.500000000000000666e-01 9.600000000000000755e-01 5.159062801652225971e+01
9.599999999999999645e-01 9.699999999999999734e-01 5.201124001906146077e+01
9.699999999999999734e-01 9.799999999999999822e-01 5.183062726724756430e+01
9.799999999999999822e-01 9.899999999999999911e-01 4.978608740647950981e+01
9.899999999999999911e-01 1.000000000000000000e+00 4.958476189699058523e+01
9.999999999999998890e-01 1.009999999999999787e+00 4.808051598023848783e+01
1.010000000000000231e+00 1.020000000000000018e+00 4.494695315344097253e+01
1.020000000000000018e+00 1.029999999999999805e+00 4.398123724763445352e+01
1.030000000000000249e+00 1.040000000000000036e+00 4.282703604959760924e+01
1.040000000000000036e+00 1.049999999999999822e+00 4.043481475826865790e+01
1.050000000000000266e+00 1.060000000000000053e+00 3.893038158485978784e+01
1.060000000000000053e+00 1.069999999999999840e+00 3.621937260609320219e+01
1.070000000000000284e+00 1.080000000000000071e+00 3.333514913763747245e+01
1.080000000000000071e+00 1.089999999999999858e+00 3.264357840125785515e+01
1.090000000000000302e+00 1.100000000000000089e+00 3.206506362956179146e+01
1.100000000000000089e+00 1.109999999999999876e+00 3.130661745817042174e+01
1.110000000000000320e+00 1.120000000000000107e+00 2.920690495242342877e+01
1.120000000000000107e+00 1.129999999999999893e+00 2.914091209693651763e+01
1.130000000000000338e+00 1.140000000000000124e+00 2.886571915237936992e+01
1.140000000000000124e+00 1.149999999999999911e+00 2.657380546289004997e+01
1.150000000000000133e+00 1.159999999999999920e+00 2.526248057944030734e+01
1.160000000000000142e+00 1.169999999999999929e+00 2.439617245072986407e+01
1.169999999999999929e+00 1.179999999999999716e+00 2.277474857463266744e+01
1.180000000000000160e+00 1.189999999999999947e+00 2.267702540589789351e+01
1.189999999999999947e+00 1.199999999999999734e+00 2.233786662896864073e+01
1.200000000000000178e+00 1.209999999999999964e+00 2.408256068740411138e+01
1.209999999999999964e+00 1.219999999999999751e+00 2.401647916491492651e+01
1.220000000000000195e+00 1.229999999999999982e+00 2.366725802473229123e+01
1.229999999999999982e+00 1.239999999999999769e+00 2.235892899206828588e+01
1.240000000000000213e+00 1.250000000000000000e+00 2.334526665791872801e+01
1.250000000000000000e+00 1.259999999999999787e+00 2.042951231091092268e+01
1.260000000000000231e+00 1.270000000000000018e+00 2.061789077272123905e+01
1.270000000000000018e+00 1.279999999999999805e+00 1.905254552020778647e+01
1.280000000000000249e+00 1.290000000000000036e+00 1.920615706706257697e+01
1.290000000000000036e+00 1.299999999999999822e+00 1.749322309605031478e+01
1.300000000000000266e+00 1.310000000000000053e+00 1.575357412816993019e+01
1.310000000000000053e+00 1.319999999999999840e+00 1.518015877960942817e+01
1.320000000000000284e+00 1.330000000000000071e+00 1.620932441287050096e+01
1.330000000000000071e+00 1.339999999999999858e+00 1.498029188973896453e+01
1.340000000000000302e+00 1.350000000000000089e+00 1.504095887364201189e+01
1.350000000000000089e+00 1.359999999999999876e+00 1.437859693515838444e+01
1.360000000000000320e+00 1.370000000000000107e+00 1.476067777281105009e+01
1.370000000000000107e+00 1.379999999999999893e+00 1.441158821600811279e+01
1.380000000000000338e+00 1.390000000000000124e+00 1.368759223149118043e+01
1.390000000000000124e+00 1.399999999999999911e+00 1.334827521432998765e+01
1.400000000000000133e+00 1.409999999999999920e+00 1.312161158108938253e+01
1.410000000000000142e+00 1.419999999999999929e+00 1.255036943751974832e+01
1.419999999999999929e+00 1.429999999999999716e+00 1.284983093013897815e+01
1.430000000000000160e+00 1.439999999999999947e+00 1.188570700785066947e+01
1.439999999999999947e+00 1.449999999999999734e+00 1.156440745459167374e+01
1.450000000000000178e+00 1.459999999999999964e+00 1.158751270246102649e+01
1.459999999999999964e+00 1.469999999999999751e+00 1.190172381435513671e+01
1.470000000000000195e+00 1.479999999999999982e+00 1.136304993806879793e+01
1.479999999999999982e+00 1.489999999999999769e+00 1.101894593316410464e+01
1.490000000000000213e+00 1.500000000000000000e+00 1.072182151141123541e+01
1.500000000000000000e+00 1.509999999999999787e+00 1.014039332797801762e+01
1.510000000000000231e+00 1.520000000000000018e+00 1.062893269585129019e+01
1.520000000000000018e+00 1.529999999999999805e+00 9.826679115586557600e+00
1.530000000000000249e+00 1.540000000000000036e+00 1.006638914297172960e+01
1.540000000000000036e+00 1.549999999999999822e+00 1.026057231463892094e+01
1.550000000000000266e+00 1.560000000000000053e+00 1.032456090097048218e+01
1.560000000000000053e+00 1.569999999999999840e+00 9.271040887852905144e+00
1.570000000000000284e+00 1.580000000000000071e+00 9.199164722860587062e+00
1.580000000000000071e+00 1.589999999999999858e+00 9.607052865256719087e+00
1.590000000000000302e+00 1.600000000000000089e+00 9.230228551839900319e+00
1.600000000000000089e+00 1.609999999999999876e+00 9.158234265520604822e+00
1.610000000000000320e+00 1.620000000000000107e+00 7.730527445990446722e+00
1.620000000000000107e+00 1.629999999999999893e+00 8.851903200038123032e+00
1.630000000000000338e+00 1.640000000000000124e+00 8.444855267560342327e+00
1.640000000000000124e+00 1.649999999999999911e+00 8.462082747262684279e+00
1.650000000000000355e+00 1.660000000000000142e+00 7.712091109277480427e+00
1.660000000000000142e+00 1.669999999999999929e+00 7.324486574652837589e+00
1.669999999999999929e+00 1.679999999999999716e+00 7.504330980586928490e+00
1.680000000000000160e+00 1.689999999999999947e+00 7.480506918189348653e+00
1.689999999999999947e+00 1.699999999999999734e+00 8.049010861694114283e+00
1.700000000000000178e+00 1.709999999999999964e+00 7.244741290397541889e+00
1.709999999999999964e+00 1.719999999999999751e+00 7.099909639688121388e+00
1.720000000000000195e+00 1.729999999999999982e+00 7.190052206940890756e+00
1.729999999999999982e+00 1.739999999999999769e+00 7.081533665179449599e+00
1.740000000000000213e+00 1.750000000000000000e+00 6.890620603241586650e+00
1.750000000000000000e+00 1.759999999999999787e+00 6.969172221822191204e+00
1.760000000000000231e+00 1.770000000000000018e+00 7.167789880290911242e+00
1.770000000000000018e+00 1.779999999999999805e+00 7.210719960554342833e+00
1.780000000000000249e+00 1.790000000000000036e+00 5.935593885323214636e+00
1.790000000000000036e+00 1.799999999999999822e+00 5.720177007766324095e+00
1.800000000000000266e+00 1.810000000000000053e+00 5.707613627462706063e+00
1.810000000000000053e+00 1.819999999999999840e+00 5.288376636000066355e+00
1.820000000000000284e+00 1.830000000000000071e+00 6.283853183729661396e+00
1.830000000000000071e+00 1.839999999999999858e+00 5.863306279561584233e+00
1.840000000000000302e+00 1.850000000000000089e+00 5.314462796965926827e+00
1.850000000000000089e+00 1.859999999999999876e+00 4.949144571642136725e+00
1.860000000000000320e+00 1.870000000000000107e+00 5.355882469460084394e+00
1.870000000000000107e+00 1.879999999999999893e+00 4.869963345160613244e+00
1.880000000000000338e+00 1.890000000000000124e+00 5.237152426900138380e+00
1.890000000000000124e+00 1.899999999999999911e+00 4.779558232357885572e+00
1.900000000000000355e+00 1.910000000000000142e+00 4.472064180270535871e+00
1.910000000000000142e+00 1.919999999999999929e+00 4.322768902760799392e+00
1.919999999999999929e+00 1.929999999999999716e+00 4.209121899617457530e+00
1.930000000000000160e+00 1.939999999999999947e+00 3.920416548138746293e+00
1.939999999999999947e+00 1.949999999999999734e+00 4.246273022987224977e+00
1.950000000000000178e+00 1.959999999999999964e+00 3.568883559319147025e+00
1.959999999999999964e+00 1.969999999999999751e+00 3.953433735699036333e+00
1.970000000000000195e+00 1.979999999999999982e+00 4.196244964327888738e+00
1.979999999999999982e+00 1.989999999999999769e+00 3.573933128128373937e+00
1.990000000000000213e+00 2.000000000000000000e+00 3.190022934101762075e+00
2.000000000000000000e+00 2.009999999999999787e+00 3.462085337242569949e+00
2.010000000000000231e+00 2.020000000000000018e+00 3.746940491038913024e+00
2.020000000000000462e+00 2.030000000000000249e+00 3.418175523310310382e+00
2.030000000000000249e+00 2.040000000000000036e+00 3.430365042246194207e+00
2.040000000000000036e+00 2.049999999999999822e+00 3.704538542602676898e+00
2.049999999999999822e+00 2.059999999999999609e+00 3.457114998739598377e+00
2.060000000000000053e+00 2.069999999999999840e+00 3.177353505060636962e+00
2.070000000000000284e+00 2.080000000000000071e+00 3.384611489809685736e+00
2.080000000000000071e+00 2.089999999999999858e+00 3.260112728640706337e+00
2.089999999999999858e+00 2.099999999999999645e+00 2.772347378598169598e+00
2.100000000000000089e+00 2.109999999999999876e+00 3.442286810558471188e+00
2.110000000000000320e+00 2.120000000000000107e+00 2.708145179438361083e+00
2.120000000000000107e+00 2.129999999999999893e+00 2.730217693862869055e+00
2.129999999999999893e+00 2.139999999999999680e+00 2.551361972879931272e+00
2.140000000000000124e+00 2.149999999999999911e+00 2.375608238278800854e+00
2.150000000000000355e+00 2.160000000000000142e+00 2.754830467541069083e+00
2.160000000000000142e+00 2.169999999999999929e+00 2.403531731752991618e+00
2.169999999999999929e+00 2.179999999999999716e+00 2.071733394675902673e+00
2.180000000000000160e+00 2.189999999999999947e+00 2.323734768904614612e+00
2.190000000000000391e+00 2.200000000000000178e+00 2.102199291936813097e+00
2.200000000000000178e+00 2.209999999999999964e+00 1.892496030721304123e+00
2.209999999999999964e+00 2.219999999999999751e+00 1.996304722189051972e+00
2.220000000000000195e+00 2.229999999999999982e+00 1.911509767401184945e+00
2.230000000000000426e+00 2.240000000000000213e+00 1.933636405257857405e+00
2.240000000000000213e+00 2.250000000000000000e+00 1.859850365452075494e+00
2.250000000000000000e+00 2.259999999999999787e+00 2.227310233701246034e+00
2.260000000000000231e+00 2.270000000000000018e+00 1.797192907457429101e+00
2.270000000000000462e+00 2.280000000000000249e+00 2.233472481703756785e+00
2.280000000000000249e+00 2.290000000000000036e+00 2.131954686899007356e+00
2.290000000000000036e+00 2.299999999999999822e+00 1.521047854958851531e+00
2.300000000000000266e+00 2.310000000000000053e+00 1.482538918781756365e+00
2.310000000000000053e+00 2.319999999999999840e+00 1.879218515587126603e+00
2.320000000000000284e+00 2.330000000000000071e+00 1.620292541199887637e+00
2.330000000000000071e+00 2.339999999999999858e+00 1.537431787570312736e+00
2.339999999999999858e+00 2.349999999999999645e+00 1.284185599389275012e+00
2.350000000000000089e+00 2.359999999999999876e+00 1.371087349952176737e+00
2.360000000000000320e+00 2.370000000000000107e+00 1.639747943027032306e+00
2.370000000000000107e+00 2.379999999999999893e+00 1.294548065323397168e+00
2.379999999999999893e+00 2.389999999999999680e+00 1.142768167659596656e+00
2.390000000000000124e+00 2.399999999999999911e+00 1.137868540201452561e+00
2.400000000000000355e+00 2.410000000000000142e+00 1.378714275447237014e+00
2.410000000000000142e+00 2.419999999999999929e+00 1.109676223779388238e+00
2.419999999999999929e+00 2.429999999999999716e+00 1.416044384900487785e+00
2.430000000000000160e+00 2.439999999999999947e+00 1.175438776533155760e+00
2.440000000000000391e+00 2.450000000000000178e+00 1.227914829297333199e+00
2.450000000000000178e+00 2.459999999999999964e+00 1.158605458000238286e+00
2.459999999999999964e+00 2.469999999999999751e+00 1.299056390299483610e+00
2.470000000000000195e+00 2.479999999999999982e+00 1.294754859998647589e+00
2.480000000000000426e+00 2.490000000000000213e+00 1.124162331801016990e+00
2.490000000000000213e+00 2.500000000000000000e+00 1.097202317151641182e+00
2.500000000000000000e+00 2.509999999999999787e+00 1.146509002798666188e+00
2.510000000000000231e+00 2.520000000000000018e+00 8.780870503005644423e-01
2.520000000000000462e+00 2.530000000000000249e+00 8.265927722677588463e-01
2.530000000000000249e+00 2.540000000000000036e+00 1.042844450874326867e+00
2.540000000000000036e+00 2.549999999999999822e+00 6.691943593004907598e-01
2.550000000000000266e+00 2.560000000000000053e+00 9.232638417179259704e-01
2.560000000000000053e+00 2.569999999999999840e+00 9.222450928991747787e-01
2.570000000000000284e+00 2.580000000000000071e+00 9.452992712031118572e-01
2.580000000000000071e+00 2.589999999999999858e+00 7.662831512961929548e-01
2.589999999999999858e+00 2.599999999999999645e+00 8.046625044989923481e-01
2.600000000000000089e+00 2.609999999999999876e+00 7.393508332006604178e-01
2.610000000000000320e+00 2.620000000000000107e+00 6.101074241987589630e-01
2.620000000000000107e+00 2.629999999999999893e+00 6.418364196815673495e-01
2.629999999999999893e+00 2.639999999999999680e+00 6.878786986790146329e-01
2.640000000000000124e+00 2.649999999999999911e+00 7.226384084033270483e-01
2.650000000000000355e+00 2.660000000000000142e+00 6.079079312985413708e-01
2.660000000000000142e+00 2.669999999999999929e+00 6.169630594995396677e-01
2.669999999999999929e+00 2.679999999999999716e+00 5.180288821011345135e-01
2.680000000000000160e+00 2.689999999999999947e+00 4.536167470969303395e-01
2.690000000000000391e+00 2.700000000000000178e+00 4.861525810465536779e-01
2.700000000000000178e+00 2.709999999999999964e+00 4.164853452984971227e-01
2.709999999999999964e+00 2.719999999999999751e+00 4.163233696017414331e-01
2.720000000000000195e+00 2.729999999999999982e+00 5.025430931946175406e-01
2.730000000000000426e+00 2.740000000000000213e+00 4.870166540031277691e-01
2.740000000000000213e+00 2.750000000000000000e+00 3.480389913011094905e-01
2.750000000000000000e+00 2.759999999999999787e+00 6.675455527984013315e-01
2.760000000000000231e+00 2.770000000000000018e+00 4.010513027187698754e-01
2.770000000000000462e+00 2.780000000000000249e+00 3.313275472000896116e-01
2.780000000000000249e+00 2.790000000000000036e+00 2.582768065994969220e-01
2.790000000000000036e+00 2.799999999999999822e+00 2.635897149002630613e-01
2.800000000000000266e+00 2.810000000000000053e+00 3.679378370416088728e-01
2.810000000000000053e+00 2.819999999999999840e+00 3.343046548989150324e-01
2.820000000000000284e+00 2.830000000000000071e+00 3.550209771583467955e-01
2.830000000000000071e+00 2.839999999999999858e+00 3.171639518013762427e-01
2.839999999999999858e+00 2.849999999999999645e+00 2.439412702015033574e-01
2.850000000000000089e+00 2.859999999999999876e+00 4.395448122977541061e-01
2.860000000000000320e+00 2.870000000000000107e+00 1.793817120005769539e-01
2.870000000000000107e+00 2.879999999999999893e+00 2.640946441506457631e-01
2.879999999999999893e+00 2.889999999999999680e+00 2.322538280986918835e-01
2.890000000000000124e+00 2.899999999999999911e+00 2.614551776787266135e-01
2.900000000000000355e+00 2.910000000000000142e+00 2.155977361317127361e-01
2.910000000000000142e+00 2.919999999999999929e+00 1.883285794983748929e-01
2.919999999999999929e+00 2.929999999999999716e+00 2.178793526200024644e-01
2.930000000000000160e+00 2.939999999999999947e+00 1.538270279988864786e-01
2.940000000000000391e+00 2.950000000000000178e+00 1.833220619391795481e-01
2.950000000000000178e+00 2.959999999999999964e+00 2.122206766989620519e-01
2.959999999999999964e+00 2.969999999999999751e+00 1.822400849032419501e-01
2.970000000000000195e+00 2.979999999999999982e+00 1.648897988834505668e-01
2.980000000000000426e+00 2.990000000000000213e+00 1.869670527976268204e-01
2.990000000000000213e+00 3.000000000000000000e+00 1.285060198006249266e-01
3.000000000000000000e+00 3.009999999999999787e+00 1.341236602020217106e-01
3.010000000000000231e+00 3.020000000000000018e+00 2.628486460589556373e-01
3.020000000000000462e+00 3.030000000000000249e+00 2.813827075397057342e-01
3.030000000000000249e+00 3.040000000000000036e+00 2.264428780990783707e-01
3.040000000000000036e+00 3.049999999999999822e+00 1.415562347019658773e-01
3.050000000000000266e+00 3.060000000000000053e+00 1.376842353183747036e-01
3.060000000000000497e+00 3.070000000000000284e+00 9.577020196138619212e-02
3.070000000000000284e+00 3.080000000000000071e+00 1.016035817801821395e-01
3.080000000000000071e+00 3.089999999999999858e+00 1.756913555964274565e-01
3.089999999999999858e+00 3.099999999999999645e+00 1.031398480999996536e-01
3.100000000000000089e+00 3.109999999999999876e+00 8.893067879216687288e-02
3.110000000000000320e+00 3.120000000000000107e+00 6.415900259980844567e-02
3.120000000000000107e+00 3.129999999999999893e+00 1.270517293014563620e-01
3.129999999999999893e+00 3.139999999999999680e+00 5.421211070097342599e-02
3.140000000000000124e+00 3.149999999999999911e+00 9.026106489727681037e-02
3.150000000000000355e+00 3.160000000000000142e+00 1.032063100001323619e-01
3.160000000000000142e+00 3.169999999999999929e+00 5.933975739935704041e-02
3.169999999999999929e+00 3.179999999999999716e+00 6.707742300022800919e-02
3.180000000000000160e+00 3.189999999999999947e+00 1.076401399295718875e-01
3.190000000000000391e+00 3.200000000000000178e+00 5.666345340068801306e-02
3.200000000000000178e+00 3.209999999999999964e+00 4.680439419917092891e-02
3.209999999999999964e+00 3.219999999999999751e+00 5.637614820170711027e-02
3.220000000000000195e+00 3.229999999999999982e+00 7.630290790166327497e-02
3.230000000000000426e+00 3.240000000000000213e+00 1.198042812993662665e-01
3.240000000000000213e+00 3.250000000000000000e+00 7.309228509984677657e-02
3.250000000000000000e+00 3.259999999999999787e+00 4.037519749999773921e-02
3.260000000000000231e+00 3.270000000000000018e+00 9.090794791882217396e-02
3.270000000000000462e+00 3.280000000000000249e+00 2.077247416991667706e-01
3.280000000000000249e+00 3.290000000000000036e+00 4.045312810012546834e-02
3.290000000000000036e+00 3.299999999999999822e+00 1.274383468989981338e-01
3.300000000000000266e+00 3.310000000000000053e+00 4.308457329989323625e-02
3.310000000000000497e+00 3.320000000000000284e+00 8.048589429927233141e-02
3.320000000000000284e+00 3.330000000000000071e+00 4.737905679849063745e-02
3.330000000000000071e+00 3.339999999999999858e+00 7.477186589949269546e-02
3.339999999999999858e+00 3.349999999999999645e+00 3.003899078066751827e-02
3.350000000000000089e+00 3.359999999999999876e+00 7.551698019960895181e-02
3.360000000000000320e+00 3.370000000000000107e+00 4.262469970126403496e-02
3.370000000000000107e+00 3.379999999999999893e+00 2.705331380002462538e-02
3.379999999999999893e+00 3.389999999999999680e+00 3.710259249874070520e-02
3.390000000000000124e+00 3.399999999999999911e+00 4.951194090062926989e-02
3.400000000000000355e+00 3.410000000000000142e+00 2.437332250065082917e-02
3.410000000000000142e+00 3.419999999999999929e+00 3.642258980198675999e-02
3.419999999999999929e+00 3.429999999999999716e+00 2.460888289806462126e-02
3.430000000000000160e+00 3.439999999999999947e+00 8.377251600086310646e-02
3.440000000000000391e+00 3.450000000000000178e+00 4.006742179990396835e-02
3.450000000000000178e+00 3.459999999999999964e+00 2.471365289966342971e-02
3.459999999999999964e+00 3.469999999999999751e+00 2.358996449947881047e-02
3.470000000000000195e+00 3.479999999999999982e+00 5.711646560121153016e-02
3.480000000000000426e+00 3.490000000000000213e+00 3.960660519987868611e-02
3.490000000000000213e+00 3.500000000000000000e+00 1.028893781012811814e-01
