2.585082632921948398e-01 2.576022503449837586e+02
4.107533549570038800e-01 1.444887209028125028e+02
6.505331987652178682e-01 1.404487076912647012e+02
1.023867366496296727e+00 8.973939415204991121e+01
1.617203253199321011e+00 6.461229198856855760e+01
2.552073621120628744e+00 3.837470612599738473e+01
4.024450007070643487e+00 2.316701937958528390e+01
6.349852902169083713e+00 1.073821767389683934e+01
1.000344394841597051e+01 5.245969477997763697e+00
1.577181966567990479e+01 3.159180295104084824e+00
2.486057205277027649e+01 1.614586635611776844e+00
2.602716609843259143e-01 1.599802855065921676e+02
4.116235729684963318e-01 1.361825020719206805e+02
6.498738622977806578e-01 6.930083468240809452e+01
1.025558068832918002e+00 5.185294095171582285e+01
1.618139094968566338e+00 4.613711736803588792e+01
2.554983918282269784e+00 2.517664245563558012e+01
4.024717215543430981e+00 1.162942577172266034e+01
6.346175190578876801e+00 5.834501345010616014e+00
1.000703437510729898e+01 3.569206464827459957e+00
1.577546931220630277e+01 2.792493867179453915e+00
2.485922129829681992e+01 1.111973023006855854e+00
2.613135296321217882e-01 1.335761150783113749e+02
4.118700609458054163e-01 9.642866410618532313e+01
6.508142140568393685e-01 6.428908379787236527e+01
1.026493438892761567e+00 4.812475748029594058e+01
1.618573828365265754e+00 3.699183722314720058e+01
2.552632690984202757e+00 1.780787381279032289e+01
4.027643892166443251e+00 8.097784170321380870e+00
6.350075397012501455e+00 4.726374311098540559e+00
1.000816179265366479e+01 3.350409622615891259e+00
1.577831463787962996e+01 2.139639554406488564e+00
2.487362143474979703e+01 1.137866528655469445e+00
2.606982516292492558e-01 9.345488732240734464e+01
4.120297473814690803e-01 7.231788300479809095e+01
6.504554301294184215e-01 5.325578968694609472e+01
1.025638145490672892e+00 3.706352337563868105e+01
1.618572993990331721e+00 2.094940959541199987e+01
2.553791124753706399e+00 8.236701271489483389e+00
4.027311135116661944e+00 4.939098278081492488e+00
6.349919629863539861e+00 2.742120874752588922e+00
1.000980414113012351e+01 2.095810947059521201e+00
1.578478599994694598e+01 1.214330819421074015e+00
2.487216971807909971e+01 1.354271461414857436e+00
2.608502986794457579e-01 7.352998756828894500e+01
4.122344979330487269e-01 5.619920714733184042e+01
6.504657508109010777e-01 3.402811376328355664e+01
1.025262676089620406e+00 2.650848132633444010e+01
1.619343002782999141e+00 1.314022303828422267e+01
2.553171255828931230e+00 6.577482042327261524e+00
4.026499460331828928e+00 3.979040776510340383e+00
6.349447365708997815e+00 2.544697855136706988e+00
1.001053558733693372e+01 1.338865612164299668e+00
1.578459696412405222e+01 1.062568810307999989e+00
2.487780841634998907e+01 1.060072662104262875e+00
2.613860810706477023e-01 6.132816363431584961e+01
4.125933576529329794e-01 4.690390072926933129e+01
6.510672208417451756e-01 3.253598569752656289e+01
1.025649526377264698e+00 1.751252950771847949e+01
1.619877671066147773e+00 1.207435726111670959e+01
2.552903125277222518e+00 4.292061316613884792e+00
4.026798403905772261e+00 3.413075633636583728e+00
6.347985994982335178e+00 1.452562498644292432e+00
1.001212105632800764e+01 1.116408804102794194e+00
1.578334734274159246e+01 1.230573127900240316e+00
2.487840479857469944e+01 8.376784248549496992e-01
