# Om sigma8 logMmin_1 Ocdm chi2_stored chi2_orig chi2_cocoa_camb chi2_cocoa_astropy
0.236054 0.844295 12.724961 0.196121 222.793639 222.907621 222.906038 222.907621
0.293480 0.794884 12.930373 0.247526 227.829870 228.045036 228.037186 228.045036
0.206982 0.880335 12.958043 0.169076 224.383780 224.451038 224.439413 224.451038
0.259660 0.812788 12.469628 0.216855 222.845273 223.038591 223.016123 223.038591
0.317098 0.782845 12.502402 0.267885 221.330031 221.267853 221.275066 221.267853
0.281555 0.820036 12.604054 0.236621 222.200492 222.240089 222.242968 222.240089
0.260181 0.809852 12.805036 0.216142 222.435228 222.522740 222.501914 222.522740
0.246452 0.808133 12.116325 0.203767 220.407882 220.213398 220.225220 220.213398
0.310145 0.775639 12.366148 0.261756 227.041028 227.461201 227.403442 227.461201
0.241092 0.849515 12.088310 0.198856 215.141465 214.986767 214.984715 214.986767
0.248394 0.814576 12.623092 0.206170 226.119050 225.810149 225.850577 225.810149
0.228417 0.857210 13.135940 0.188096 208.084054 208.268775 208.232281 208.268775
0.244351 0.837107 12.443532 0.201830 214.594912 214.443515 214.448106 214.443515
0.239522 0.860129 12.508854 0.197470 220.146665 220.258008 220.234302 220.258008
0.220648 0.863217 12.339882 0.180337 222.008296 222.061849 222.004694 222.061849
0.261283 0.811788 12.648613 0.217978 215.671078 215.741295 215.751236 215.741295
0.258416 0.810018 12.033171 0.214982 210.713054 210.679375 210.683306 210.679375
0.292834 0.781677 12.503571 0.245615 215.432474 215.188407 215.202739 215.188407
0.253001 0.824965 12.288164 0.210108 221.774923 221.808142 221.803070 221.808142
0.271420 0.812479 12.399872 0.227660 218.568365 218.883545 218.845030 218.883545
0.245295 0.830470 12.682922 0.202514 207.881922 207.797925 207.777277 207.797925
0.259628 0.823151 12.542589 0.215298 226.013650 225.772108 225.752730 225.772108
0.275397 0.810569 12.823352 0.230656 217.208413 217.238598 217.231639 217.238598
0.299772 0.819518 12.948498 0.251242 219.307083 219.228620 219.221396 219.228620
0.267390 0.795038 12.285836 0.223813 215.042697 215.173962 215.170095 215.173962
0.288071 0.821243 12.554904 0.241432 214.173243 214.265026 214.237302 214.265026
0.248727 0.863754 13.392351 0.205784 207.859839 207.585508 207.617766 207.585508
0.236846 0.845619 12.599710 0.195152 230.549738 230.682334 230.626856 230.682334
0.272657 0.801919 12.412787 0.227819 218.844896 219.111593 219.066093 219.111593
0.248768 0.824571 12.220314 0.205804 232.062207 232.156847 232.113117 232.156847
0.286426 0.803275 12.699737 0.241348 215.352911 215.596943 215.605607 215.596943
0.260588 0.832295 13.378118 0.217065 207.910152 207.924219 207.938108 207.924219
0.234188 0.860231 12.201769 0.192175 212.273872 212.021640 212.022824 212.021640
0.234917 0.833171 12.765744 0.193871 216.242673 215.952750 215.999702 215.952750
0.280707 0.772515 12.192579 0.234663 222.938046 222.864024 222.842960 222.864024
0.283825 0.798054 12.485345 0.239763 211.880553 211.974341 212.008234 211.974341
0.250327 0.830421 12.782094 0.207703 221.516014 221.567081 221.532431 221.567081
0.254088 0.838461 13.205402 0.210289 201.974800 201.698641 201.723327 201.698641
0.261799 0.844058 13.211975 0.216704 217.599237 217.018854 217.058645 217.018854
0.264015 0.791595 11.902624 0.220317 242.478644 242.394305 242.398779 242.394305
0.233134 0.847498 12.840628 0.193150 210.878922 211.280694 211.241151 211.280694
0.231748 0.876734 12.726627 0.190911 206.746021 206.907004 206.870560 206.907004
0.240882 0.869664 13.196075 0.200040 210.691821 211.062951 211.018235 211.062951
0.265961 0.844256 12.454219 0.220981 206.738045 206.682361 206.666098 206.682361
0.272752 0.782650 11.875046 0.227981 235.861953 235.912715 235.898013 235.912715
0.284272 0.819713 12.793484 0.237752 216.485355 216.689331 216.638307 216.689331
0.280961 0.771406 12.278558 0.235184 221.852673 221.839537 221.825969 221.839537
0.241529 0.873424 13.053920 0.200379 213.561847 213.741942 213.745825 213.741942
0.239645 0.820294 12.133303 0.197981 227.643278 227.577473 227.561306 227.577473
0.255241 0.841624 12.468840 0.211721 211.649918 211.658307 211.645539 211.658307
0.233499 0.832448 12.182188 0.192501 232.215693 232.346380 232.294604 232.346380
0.253828 0.817919 11.908506 0.210233 220.861985 220.884587 220.875830 220.884587
0.254387 0.835189 13.314815 0.212621 207.802343 207.791663 207.826348 207.791663
0.235427 0.847115 12.953356 0.195810 215.980373 216.313263 216.307388 216.313263
0.247609 0.832786 13.202391 0.206020 212.602122 212.961784 212.911081 212.961784
0.252416 0.843462 13.204766 0.210436 216.633425 216.698976 216.719326 216.698976
0.238923 0.874063 13.071206 0.197492 216.412095 216.606628 216.565701 216.606628
0.234958 0.856272 12.537579 0.194275 220.132922 220.101215 220.108718 220.101215
0.305977 0.750391 12.423316 0.257279 222.113746 221.826587 221.851129 221.826587
0.261380 0.805633 11.859695 0.217414 219.376481 219.461658 219.434515 219.461658
0.260332 0.803869 12.274731 0.216637 222.992374 223.218814 223.178932 223.218814
0.252800 0.833770 13.324745 0.209401 202.830967 202.686985 202.690983 202.686985
0.300122 0.768442 13.165292 0.252564 223.408304 223.412728 223.423404 223.412728
0.244451 0.843313 11.983275 0.202950 210.338257 210.651023 210.604535 210.651023
0.233310 0.858560 12.784053 0.193330 210.801209 211.198064 211.174619 211.198064
0.293957 0.816254 12.545983 0.246149 213.581023 213.608798 213.584855 213.608798
0.239563 0.838790 11.922363 0.198505 216.143874 216.532616 216.487587 216.532616
0.226443 0.865351 13.112953 0.186174 207.493396 207.494239 207.479789 207.494239
0.277362 0.813113 12.551780 0.232034 214.784502 215.010026 214.972228 215.010026
0.264015 0.791595 11.902624 0.220317 242.478644 242.394305 242.398779 242.394305
0.306134 0.802355 12.332371 0.257467 222.064154 221.934225 221.941439 221.934225
0.224753 0.851608 11.737955 0.185224 221.015768 221.076531 221.086131 221.076531
0.252227 0.836586 12.632151 0.210010 214.209725 214.192511 214.204997 214.192511
0.237942 0.845393 13.076638 0.198014 201.490076 201.729697 201.726554 201.729697
0.253866 0.851213 12.606844 0.211599 208.292921 208.689639 208.655587 208.689639
0.242095 0.845112 12.842523 0.199272 220.901985 220.554781 220.550990 220.554781
0.256330 0.839156 13.239198 0.211909 217.340097 216.793852 216.802006 216.793852
0.328791 0.748135 12.679856 0.277514 229.453934 229.098307 229.105213 229.098307
0.269848 0.852129 13.129545 0.225051 213.895811 213.732100 213.728403 213.732100
0.234551 0.846228 12.682132 0.194565 207.805680 207.928186 207.935904 207.928186
0.244093 0.808188 12.263720 0.201573 222.592923 222.556437 222.554254 222.556437
0.237997 0.858321 11.980449 0.196092 213.555009 213.763365 213.690131 213.763365
0.257149 0.795423 12.097774 0.213974 226.241455 226.545559 226.500536 226.545559
0.306550 0.810876 12.974117 0.257194 217.207876 217.134539 217.109302 217.134539
0.322746 0.780437 13.041008 0.274212 220.620159 220.824336 220.826624 220.824336
0.242973 0.824212 11.529829 0.200845 227.341560 227.286308 227.271173 227.286308
0.234250 0.849153 13.257551 0.193898 218.613238 219.084249 219.024029 219.084249
0.239430 0.870463 12.718749 0.198126 209.823868 210.021270 209.986817 210.021270
0.236455 0.845733 12.483933 0.195783 210.406686 210.715274 210.665205 210.715274
0.228532 0.858843 13.198891 0.187528 215.032124 214.723098 214.720300 214.723098
0.282244 0.811413 13.223118 0.235056 216.970828 216.641772 216.651803 216.641772
0.234062 0.862026 12.406709 0.191573 221.590619 221.432586 221.374510 221.432586
0.279926 0.821644 12.808469 0.234785 221.981762 222.268410 222.226234 222.268410
0.253893 0.833306 12.094130 0.211141 216.759127 216.796464 216.784536 216.796464
0.274892 0.848468 13.171436 0.227970 214.159852 213.955258 213.919753 213.955258
0.232748 0.876966 13.309168 0.191799 192.648484 192.657197 192.648981 192.657197
0.239707 0.851309 12.915069 0.198424 206.638165 206.892590 206.848122 206.892590
0.254241 0.852878 13.110086 0.211172 208.531337 208.821912 208.780130 208.821912
0.286738 0.805518 12.468101 0.239360 211.267949 211.149738 211.135992 211.149738
0.290135 0.799050 12.427166 0.243487 217.272320 217.441068 217.424207 217.441068
